0,statusN_Rmean=12,statusS_Rmean=12,tempC_Rmean=12,windspeedMiles_Rmean=12,precipMM_Rmean=12,humidity_Rmean=12,visibility_Rmean=12,pressure_Rmean=12,cloudcover_Rmean=12,heatIndexC_Rmean=12,dewPointC_Rmean=12,windChillC_Rmean=12,windGustMiles_Rmean=12,feelsLikeC_Rmean=12
statusN,0.34019819896531545,0.016935933202515494,-0.2361496409435909,0.0025939253967664764,0.09149743948067204,0.2274254477380639,0.0015573105623032859,-0.027776546641121586,0.0708173585104252,-0.2618167476729255,-0.13641734239153405,-0.23608134712052475,0.06720316896690598,-0.2618167476729255
statusS,0.03401674232825125,0.39679754066857625,-0.08052325814532993,0.02285506467586885,0.01801943762931815,0.07152671561883904,-0.024697983927742685,0.0076242705800731985,-0.01926432081937168,-0.08721176382376022,-0.03519262772254717,-0.08035247641495308,0.03644541012849314,-0.08721176382376022
tempC,-0.044653380247452884,-0.03211620404005959,0.5693263910123945,-0.35000218861444404,-0.40381351486990297,-0.590810360289912,0.36475862534975795,0.1044136957112144,-0.3261925515517416,0.583292383883011,0.17582123592152776,0.5691218075195159,-0.4815770678213999,0.583292383883011
windspeedMiles,-0.1160012021810174,0.01987872806169494,0.1895339224120938,0.7431763935541522,0.2704686486587485,-0.14930314748819665,-0.1464323255475468,-0.475444571487353,0.3552969710390578,0.21716039630012546,0.08765293534347753,0.19017095641778692,0.6577272153009512,0.21716039630012546
precipMM,-0.11788447921632668,0.02050133633804133,0.1948851341916034,0.3556016364600374,0.73444065869371,-0.01938520496322985,-0.5587558440406973,-0.4524618720600669,0.547558031348613,0.2739202082640302,0.4538739669168871,0.1955388900565711,0.3595869244492445,0.2739202082640302
humidity,0.02016433992590724,0.02238400737687825,-0.5079901360397823,0.3643244412812317,0.5544921701152015,0.6396142946714503,-0.5087182742449713,-0.21309083498229364,0.3903114309177037,-0.475683671540434,0.07098423052291768,-0.5075347366808444,0.4887312239502716,-0.475683671540434
visibility,0.10054489477025033,-0.0519714371689636,-0.12121181900901085,-0.29444562570102034,-0.6154994099012421,-0.02466868174505069,0.5579047713319037,0.32672102202544073,-0.4431461006172121,-0.19145376872319075,-0.3687973003400243,-0.1218252673001078,-0.3044140876633257,-0.19145376872319075
pressure,-0.06157746071569516,0.0005493805046338565,-0.0005464120817166675,-0.386182712929816,-0.3530008713432157,-0.0911884015184912,0.17304528646510153,0.9395947164666084,-0.4194715926184212,-0.05448702148921737,-0.2082441204751176,-0.0010823119543654145,-0.3544577862239395,-0.05448702148921737
cloudcover,-0.0019680321727777745,-0.018730343107289583,-0.13172382979273256,0.2784078317358448,0.4997996955449096,0.20899172623528411,-0.3887340539077722,-0.4496884052688489,0.7959747608946421,-0.0610603295128082,0.1950594577924245,-0.13114475859993827,0.31053318068232155,-0.0610603295128082
heatIndexC,-0.021600914819185208,-0.02686946839373472,0.5019691414171442,-0.3660522480071276,-0.3429861191073293,-0.4926060757144,0.2995226444737437,0.06699400459970584,-0.2790215983837261,0.5432366034570797,0.27285029598446897,0.5018553741111986,-0.4897951660848661,0.5432366034570797
dewPointC,-0.0018339338634449415,-0.006598125488384872,0.08545326504330837,-0.1466508098540894,0.18968936169168474,0.09382294484352212,-0.2261686812169157,-0.18253872332421028,0.07658936498748059,0.2038636266884942,0.598726968271135,0.08572832146106875,-0.17372731944766606,0.2038636266884942
windChillC,-0.04468382518698495,-0.03190019814249135,0.5691232881457317,-0.3492303160585185,-0.4034050187077824,-0.5906770591049211,0.36443000537195375,0.1038501272455764,-0.32562159606402896,0.5831203570784008,0.17564162422994853,0.5689461378285812,-0.4808281426958129,0.5831203570784008
windGustMiles,-0.13130945158116994,0.02328094395932113,0.17645358435457853,0.7932653523665313,0.3896525950675962,-0.12123361434190295,-0.2436070792636157,-0.4811201392893435,0.4296265604331976,0.2039144080303807,0.10155209410446077,0.17714369916869802,0.7347180486049486,0.2039144080303807
feelsLikeC,-0.021600914819185208,-0.02686946839373472,0.5019691414171442,-0.3660522480071276,-0.3429861191073293,-0.4926060757144,0.2995226444737437,0.06699400459970584,-0.2790215983837261,0.5432366034570797,0.27285029598446897,0.5018553741111986,-0.4897951660848661,0.5432366034570797
statusN_Rmean=2,0.3901137777915651,0.027268386817263925,-0.26082119946996185,-0.015085579562340154,0.07822725854816752,0.2459761183554559,0.011612159660703482,-0.024210104920712686,0.06750454516947346,-0.285950259319689,-0.15502654082395778,-0.2607099127235058,0.0503789545173648,-0.285950259319689
statusS_Rmean=2,0.04749408494064285,0.4489636441766996,-0.0846560928345352,0.019992145834740203,0.01695278262723329,0.0748112643575338,-0.02224566670129621,0.009222906654148173,-0.018966256248089192,-0.09040084327657516,-0.03799254803123277,-0.08445881210337851,0.03396077267193175,-0.09040084327657516
statusN_Rmean=3,0.4509003933972464,0.03876826814677915,-0.2850111141106728,-0.032188496436811306,0.06548862849544311,0.2641104430594192,0.02035588914197711,-0.021388916754859117,0.06496169675258898,-0.3095207307298808,-0.17382143246804413,-0.28486427671933884,0.03391948897849458,-0.3095207307298808
statusS_Rmean=3,0.06007466579622001,0.5057147686444787,-0.0884498653466942,0.017148452400580046,0.01617196811527859,0.07790447091216758,-0.0206191388562952,0.010008410517466476,-0.018768989591394898,-0.0931320670719848,-0.04045987352097217,-0.0882374444604252,0.0314542708806614,-0.0931320670719848
statusN_Rmean=4,0.5238794486960981,0.05163956600596728,-0.3071265667367992,-0.04767674392008105,0.052045636804012134,0.2803048342820895,0.028776373059832824,-0.019606720012934488,0.06195218935082453,-0.3305327648412431,-0.19028165838504688,-0.3069541733987137,0.0185605863486108,-0.3305327648412431
statusS_Rmean=4,0.07228944925870671,0.5650560466068608,-0.0919002945217473,0.0150691450312515,0.015060205199759069,0.08067881378656343,-0.019296715665132604,0.01102302547743185,-0.018100992148633803,-0.09575219593470187,-0.04363193935488057,-0.09166036992924263,0.029446915285818838,-0.09575219593470187
statusN_Rmean=8,0.7953789505002535,0.09453352976335604,-0.3732433416970858,-0.10118697989715712,-0.0024259662593418825,0.3261200588998401,0.0625718885576079,-0.02630676338994689,0.04708212715574213,-0.3878124512783124,-0.237577430893698,-0.3731868353798389,-0.03709026855902245,-0.3878124512783124
statusS_Rmean=8,0.10686886469065847,0.8170996360666718,-0.09970989175371264,0.012553883215425835,0.015260241623112503,0.08791024118667669,-0.01759720057917109,0.010821773759839332,-0.013303597681652094,-0.10068261986688024,-0.054154817401549565,-0.09945542684879824,0.026933013978324358,-0.10068261986688024
statusN_Rmean=12,1.0,0.1157798290932948,-0.3786543780103598,-0.13749302968266092,-0.05412410501525595,0.3217366568394928,0.09960321521662764,-0.041074176792851316,0.030163462021555006,-0.3815897289156739,-0.24089095310625602,-0.3787580584988153,-0.0800971397832225,-0.3815897289156739
statusS_Rmean=12,0.1157798290932948,1.0,-0.09636764337036786,0.014447102663714425,0.021558227282578103,0.08654734540577902,-0.022788314775079303,0.008490332989397302,-0.012243471649583344,-0.09483598653535326,-0.054965525820870095,-0.0962771528210532,0.02874377293781914,-0.09483598653535326
statusN_Rmean=24,0.4628363217750234,0.03422433108129662,0.007122193127923908,-0.102197188408779,-0.11938265532468645,-0.02185957403710787,0.1320204450043297,-0.06091342527607304,0.009897595653462942,0.03021920046318682,0.02318642910943116,0.007176974217317221,-0.1285284455682899,0.03021920046318682
statusS_Rmean=24,0.05126564937182471,0.4163077282727631,-0.026468187542225744,0.044030421974195995,0.04516606363381485,0.0221413272464857,-0.056926707450724666,0.0005686201173351447,-0.005375734907475885,-0.021011038829491503,-0.007738084765099425,-0.026100922684895014,0.046247839662011736,-0.021011038829491503
statusN_Rmean=32,0.1342387774692776,-0.04318111643919542,0.31048312115175114,0.04529213988538983,-0.022326837567696083,-0.2933284383469356,0.04900820052535769,-0.10134731873015616,0.044894171039971016,0.3349545828335844,0.16178517657592828,0.3107914244867586,-0.024353581528486143,0.3349545828335844
statusS_Rmean=32,0.041829767610163535,0.2108832208945094,-0.004984065277571426,0.07030396576022795,0.05489239392745973,-0.003029997031945873,-0.050375018425381404,-0.009962607390692328,0.026871114947344628,0.0014127247738934627,-0.0030446183483806392,-0.00444887424035304,0.07058819705178179,0.0014127247738934627
statusN_Rmean=48,-0.0996798895405646,-0.08596193261509473,0.28930196697646504,0.28553963436924035,0.22038590476476344,-0.2346827328008345,-0.1536457702122361,-0.17539913361829598,0.10286306932702732,0.2868193032012098,0.14501930370655822,0.2898023937351233,0.2671914377572442,0.2868193032012098
statusS_Rmean=48,0.07002948219148195,0.04891171030762742,-0.042902023240207504,0.07711574635190338,0.03597135454098021,0.036343161668495716,-0.0038662476141107134,0.0026936224282716674,0.03474030544778597,-0.0427050132902483,-0.03459400698292562,-0.04228726506586678,0.08277344172072862,-0.0427050132902483
statusN_Rmean=96,0.10945523560334357,-0.00975784520203926,0.009617953591399128,0.13479644099309382,0.07656124498138764,-0.0029271248826956025,0.0011194542714916718,-0.1873711071543828,0.04662928405665484,0.004166344496361964,-0.0236215411790406,0.010173129495442869,0.1289678972980728,0.004166344496361964
statusS_Rmean=96,0.04161053414143718,-0.03426733386426393,-0.04675554950249911,0.06887428911897514,0.04450457200690763,0.06361963432647047,-0.022158142779731868,0.012457794954352121,0.02701485078809981,-0.05326388971792195,-0.032843654990311145,-0.04637131148911815,0.07284330922811286,-0.05326388971792195
tempC_Rmean=2,-0.08818882100309322,-0.04015521320666613,0.6356246384827594,-0.3124429186388849,-0.3771403890786957,-0.6453674903954202,0.344977851589328,0.09327865104609076,-0.3175798441476192,0.6483862901537664,0.2071355621627308,0.6354488295231007,-0.4509986659589184,0.6483862901537664
windspeedMiles_Rmean=2,-0.12188456465749155,0.012158129880355457,0.2025349683999023,0.7769370101094663,0.2926894515376719,-0.16274798002468016,-0.15925807171240458,-0.4809671345014573,0.3622586980913179,0.22454860183894032,0.07741540865454473,0.203201643724104,0.695393269343293,0.22454860183894032
precipMM_Rmean=2,-0.13704005086866372,0.027045604785724577,0.1615856583438894,0.38370384279614894,0.7487301880755133,0.006770972027103243,-0.6062977800968898,-0.3881146191050005,0.543383187921598,0.2419877392008018,0.4353906423174962,0.16221910562617595,0.3906961351080411,0.2419877392008018
humidity_Rmean=2,0.0589431318579628,0.03092898726081503,-0.5674252526325418,0.3296054272838068,0.5317752436073521,0.6951434787288481,-0.4911539575441599,-0.20215709692535525,0.38168588189993,-0.5335999933312129,0.04944163392265458,-0.5670012277037024,0.4612861273069226,-0.5335999933312129
visibility_Rmean=2,0.03911567301286181,-0.01932660593714237,-0.1755117531114942,-0.2744892188031962,-0.5820437739245932,0.042764140776285715,0.4256091412092372,0.4229427518487369,-0.4113174876706439,-0.21786446731759526,-0.2907900051272605,-0.17610292441931047,-0.28950464650784435,-0.21786446731759526
pressure_Rmean=2,-0.0627358448628217,0.0005130198764718034,-0.003920943294505458,-0.3968700309144238,-0.3596807761908351,-0.08713525018132022,0.18037453325387034,0.9474123092890628,-0.4231984562975963,-0.0580418307814477,-0.2066249483860571,-0.004458171787651199,-0.3655381245237125,-0.0580418307814477
cloudcover_Rmean=2,-0.002494090083870477,-0.020030262914169955,-0.13374916389295774,0.28609535617329523,0.5109163706331602,0.21100638994951285,-0.39521019764265575,-0.4495893009009743,0.8235763184000222,-0.06440678224491056,0.1885515318791257,-0.13316922101643125,0.32011380444801,-0.06440678224491056
heatIndexC_Rmean=2,-0.06565749761687797,-0.03513141882036795,0.5711914234765714,-0.3298986058392415,-0.316911501293099,-0.5492304938799392,0.2791902989011586,0.05553251389559295,-0.2713652370563264,0.6132988309125484,0.30955214619840155,0.5711117145828449,-0.4613332124324144,0.6132988309125484
dewPointC_Rmean=2,-0.03042134757013672,-0.01284409204592788,0.1183268036175364,-0.13903101575011054,0.2021557030477557,0.07426345079028747,-0.23743613256039725,-0.18814905624121495,0.07822857620962859,0.2427703055101492,0.6474681012356875,0.11859751005863635,-0.16875634153029878,0.2427703055101492
windChillC_Rmean=2,-0.08825714035044901,-0.040009006202124026,0.6354609512582732,-0.31166048432663146,-0.376719281122052,-0.6452539095435336,0.3446338944104836,0.09271533922698856,-0.3169993582850676,0.6482524823085011,0.20698760383196604,0.6353084760085941,-0.4502373914390402,0.6482524823085011
windGustMiles_Rmean=2,-0.1341955650116419,0.026324917287770824,0.16461510050233907,0.8250823409166996,0.4083698552440185,-0.10830583335984656,-0.2664541287520964,-0.4788275769679473,0.4335072297855873,0.1899199819245356,0.0937730355347147,0.1653148170564954,0.7717790341862517,0.1899199819245356
feelsLikeC_Rmean=2,-0.06565749761687797,-0.03513141882036795,0.5711914234765714,-0.3298986058392415,-0.316911501293099,-0.5492304938799392,0.2791902989011586,0.05553251389559295,-0.2713652370563264,0.6132988309125484,0.30955214619840155,0.5711117145828449,-0.4613332124324144,0.6132988309125484
tempC_Rmean=3,-0.13188330389374425,-0.047175864819278684,0.6965733219321014,-0.2761658811182533,-0.35182119682572954,-0.6939682650316706,0.3223824428643355,0.08971738315183315,-0.3129782696056939,0.7090038402098796,0.2397451435983909,0.6964565005594511,-0.4212165503421068,0.7090038402098796
windspeedMiles_Rmean=3,-0.13609546695780386,0.0208533105955788,0.190284705038244,0.8143724889971116,0.3071979684819318,-0.14640812245917645,-0.1866661096958024,-0.4722615937779319,0.3604016549884727,0.21428796379113305,0.0824991499244452,0.1909577234408093,0.7329867546087733,0.21428796379113305
precipMM_Rmean=3,-0.123584892442827,0.011827940426464937,0.14685552896971268,0.3692451045274111,0.7916264706624488,0.03840472042686043,-0.6575968738186916,-0.4150385592701944,0.5606259778371941,0.23074837540586546,0.4591174023039435,0.14743487526143834,0.3879238350268652,0.23074837540586546
humidity_Rmean=3,0.09615161178920097,0.03923729324570397,-0.6246021512507287,0.296547731976472,0.5067861973853256,0.747780676766902,-0.4712887959084288,-0.192243109927902,0.3741205491068931,-0.5891006211420667,0.02813550541472621,-0.6242107587169743,0.43416704403049,-0.5891006211420667
visibility_Rmean=3,0.14434233035028987,-0.06257182751313291,-0.020433946301631468,-0.3033124669043073,-0.5679869559890723,-0.09028298836855912,0.632432149070174,0.17082223169928534,-0.40455784104628734,-0.09225071630041612,-0.30244598242955617,-0.02102166184466964,-0.3201526298421283,-0.09225071630041612
pressure_Rmean=3,-0.06353714594510318,0.0006758649467512981,-0.006334324737407297,-0.4075106515660439,-0.3665178485792572,-0.08426371730936108,0.1877615637972052,0.9551388961508028,-0.4266736904684887,-0.060628011340569,-0.2053158530479922,-0.00687087114874291,-0.37684537259265705,-0.060628011340569
cloudcover_Rmean=3,-0.002153624925081185,-0.020263842823946242,-0.1365084878896013,0.2947792320024252,0.5211962196000461,0.21320233072531847,-0.3997620299730327,-0.4498795948021734,0.8508044538660637,-0.0687918062984913,0.18000450078177554,-0.13592390777099625,0.33068524544449235,-0.0687918062984913
heatIndexC_Rmean=3,-0.1090367527788116,-0.04437746821876798,0.6386331626249664,-0.29202328807353456,-0.28762173790152545,-0.6047087842032934,0.2601922482831847,0.040766804939463865,-0.2587249280493673,0.6797795042245798,0.3410389533203208,0.6385718890078149,-0.42971183732156143,0.6797795042245798
dewPointC_Rmean=3,-0.05952436392547065,-0.019158613640161727,0.1510898175131719,-0.13057257296839436,0.21492702682280915,0.0547276566417972,-0.2489812529439045,-0.1929290277275628,0.07988152232584353,0.2811338724341783,0.6962410081868782,0.1513557236861919,-0.16289201159515182,0.2811338724341783
windChillC_Rmean=3,-0.13199829546435846,-0.047001356256198834,0.6964037851661931,-0.2752251571358358,-0.35131214986839504,-0.6938040220877042,0.3219997925608349,0.08900138024679045,-0.3123067897939621,0.7088845880941624,0.23967070848839603,0.6963020924340586,-0.4203049497347002,0.7088845880941624
windGustMiles_Rmean=3,-0.13303528539433773,0.02676116392339891,0.15228310042030588,0.8557275263535998,0.4246927216738423,-0.09712805895109253,-0.27950181702251364,-0.4802429880566077,0.4351325925057119,0.17394239259122873,0.07942039424922807,0.15299032473970528,0.8086680858644647,0.17394239259122873
feelsLikeC_Rmean=3,-0.1090367527788116,-0.04437746821876798,0.6386331626249664,-0.29202328807353456,-0.28762173790152545,-0.6047087842032934,0.2601922482831847,0.040766804939463865,-0.2587249280493673,0.6797795042245798,0.3410389533203208,0.6385718890078149,-0.42971183732156143,0.6797795042245798
tempC_Rmean=4,-0.1719919258014241,-0.05559302581881132,0.7554666304035919,-0.2362366188369649,-0.3201532628940112,-0.7410587996967543,0.3009660645756991,0.07696441250314312,-0.3019349728882679,0.7652992414398445,0.2655500450941045,0.7553724273242136,-0.3857696354005189,0.7652992414398445
windspeedMiles_Rmean=4,-0.13558474606043508,0.014688390738658769,0.20053590555306108,0.8495796571215135,0.32536866000758585,-0.1609052493423146,-0.18061124407640264,-0.4953037527410302,0.3680104486513685,0.2152037094887594,0.06046398205619322,0.2012357502597212,0.7724001485072696,0.2152037094887594
precipMM_Rmean=4,-0.11385053843265673,0.01926495646111649,0.16449287620442152,0.3926355607233062,0.8305368895984809,0.018748297011892984,-0.6384675623293617,-0.4577000711077228,0.5715007013316316,0.23960599522077905,0.442913784497514,0.16516147038252169,0.4148665082339942,0.23960599522077905
humidity_Rmean=4,0.1315841067614517,0.04694326651395381,-0.6776990689652798,0.25968110736524475,0.4793352342447839,0.7966592639453866,-0.4511267994451225,-0.1803354954549168,0.3639609608465785,-0.6399116398129323,0.010297472157400045,-0.6773325272046163,0.40241880992140794,-0.6399116398129323
visibility_Rmean=4,0.14193020523195954,-0.06656395663698374,-0.008336508151173318,-0.2944292950108145,-0.6136020854199912,-0.11857071839839473,0.7061902639076669,0.19306097433647515,-0.4064697929778551,-0.08778239175241573,-0.34616548465917873,-0.008853792340741578,-0.3163037302174642,-0.08778239175241573
pressure_Rmean=4,-0.06380655469398519,0.0011249443054480233,-0.007548335113389073,-0.4179262213421951,-0.3731066396746296,-0.08278044068659854,0.19492393453569126,0.9629114811140213,-0.4299313012309508,-0.061951210549784724,-0.204125540494388,-0.008083601666774794,-0.3882857243451249,-0.061951210549784724
cloudcover_Rmean=4,-0.0015163069397146846,-0.02004621139749327,-0.14193554440305398,0.3029629962028488,0.5315665135830466,0.21843182651938287,-0.40606888542803204,-0.4487858672280036,0.877312182197833,-0.07536882827369701,0.1727616946202134,-0.14134144116851735,0.34104403289229035,-0.07536882827369701
heatIndexC_Rmean=4,-0.15182515376186992,-0.05206959628328986,0.6994898930093428,-0.25346523185331393,-0.2570326927600373,-0.6523617131758088,0.2360883844218804,0.030139624209415006,-0.2477738232899048,0.7410432204628848,0.3752572166678601,0.6994563777442196,-0.3968629373536084,0.7410432204628848
dewPointC_Rmean=4,-0.08862653236149869,-0.02505165725157367,0.1829722700652905,-0.12124672695214375,0.2283472425186304,0.03600630253893501,-0.26046528534433194,-0.19674993171626312,0.08179219000403705,0.31826091866749384,0.7462939153253679,0.18323564164564451,-0.15623049751465778,0.31826091866749384
windChillC_Rmean=4,-0.1721019512057129,-0.05550905005032855,0.7553477522294001,-0.2354215929816386,-0.31969663673870746,-0.7409606586525572,0.3006005453102567,0.07639206495493882,-0.30130647891003315,0.7652199503148891,0.2654617812004779,0.7552703594702023,-0.3849742835827561,0.7652199503148891
windGustMiles_Rmean=4,-0.12667818673710954,0.025966941613045167,0.14165058520511473,0.8841285918506121,0.4399063142036318,-0.08934493168495528,-0.2833930752718249,-0.4914903961282051,0.43663191811562224,0.15754277169784667,0.05835465756933441,0.14236700696518415,0.8444802507473784,0.15754277169784667
feelsLikeC_Rmean=4,-0.15182515376186992,-0.05206959628328986,0.6994898930093428,-0.25346523185331393,-0.2570326927600373,-0.6523617131758088,0.2360883844218804,0.030139624209415006,-0.2477738232899048,0.7410432204628848,0.3752572166678601,0.6994563777442196,-0.3968629373536084,0.7410432204628848
tempC_Rmean=8,-0.3054540639767012,-0.08268997803259973,0.9346588541827108,-0.08223307524390032,-0.1872009130104373,-0.8764014908011121,0.2062186639867105,0.04109115209103096,-0.2566001833170435,0.9298186180684684,0.33781318684997946,0.9346164030701968,-0.2379955421688136,0.9298186180684684
windspeedMiles_Rmean=8,-0.14999220386295084,0.015527811140633396,0.15009612910623815,0.9583504334509216,0.3875983843014396,-0.10523789320529647,-0.2433591000211685,-0.4873868457395806,0.3694523690393963,0.15454187212052786,0.028845222312321117,0.1508624927172237,0.8983397468806921,0.15454187212052786
precipMM_Rmean=8,-0.08786705652858548,0.01891131177926584,0.07746073009933822,0.4127905337012052,0.9390385740447924,0.11175934846177116,-0.7269481904167268,-0.4586013466211657,0.5943790861858332,0.14805832517427994,0.4113215575688237,0.0781174961969808,0.4651629773145186,0.14805832517427994
humidity_Rmean=8,0.2499927870432321,0.0723922215806248,-0.8425733674782921,0.11724763030582258,0.3606951499112697,0.9461653968858104,-0.36008150890943186,-0.14134003040332893,0.32471787236852057,-0.7934058698866773,-0.03924926647124432,-0.8423336272279675,0.26838974046708897,-0.7934058698866773
visibility_Rmean=8,0.13094651821398814,-0.05380477388814591,0.04808954843040721,-0.32251664459031765,-0.7160468880877741,-0.18000421475566936,0.8744382203119668,0.2252117931085912,-0.4314885057365271,-0.02718821842012052,-0.3278934152769777,0.04755821904997856,-0.3695179018436725,-0.02718821842012052
pressure_Rmean=8,-0.0573327289750774,0.003873397891232925,-0.002316934844047123,-0.4544861896688233,-0.39726094130510303,-0.08876765588336408,0.2209340092701785,0.9888690865197411,-0.4395688624846205,-0.0560399187820034,-0.2024531094339796,-0.002838496523109251,-0.4316638041843897,-0.0560399187820034
cloudcover_Rmean=8,0.010406857068629864,-0.01614284924157804,-0.17016277999278245,0.3348140879666152,0.567165990323587,0.2452861910188955,-0.42335934997753344,-0.4483662807650111,0.9655267964086106,-0.10891423187454596,0.14084620497219627,-0.16952232085739485,0.3825860670858341,-0.10891423187454596
heatIndexC_Rmean=8,-0.2959215043225999,-0.0794903735672906,0.8938191814810086,-0.09850812318293788,-0.12389256623890348,-0.7996688113241343,0.1367430899749184,-0.007632293536266639,-0.2018353937406066,0.9308354003097596,0.4731479971821986,0.8938535916737059,-0.25184701702699325,0.9308354003097596
dewPointC_Rmean=8,-0.18838888337885928,-0.04547592853259507,0.29127131607229884,-0.07664439883266284,0.2876268103842409,-0.024029803312670142,-0.3038049954280799,-0.2039972882516987,0.0939844429991884,0.44190438319088265,0.9215428521098936,0.29154384691593643,-0.1200699028120608,0.44190438319088265
windChillC_Rmean=8,-0.3056188883735165,-0.0826574537396265,0.934598224936409,-0.0814319047170272,-0.1867699786917665,-0.8763191908729849,0.20584060180257088,0.04060255515748525,-0.2559633490088972,0.929844382085372,0.33791622208988426,0.9346123074607412,-0.2372264659235472,0.929844382085372
windGustMiles_Rmean=8,-0.10860845133947447,0.027038852505069644,0.04617372639880109,0.960024122859662,0.4877436414389312,0.0021140650586332433,-0.3261168382006652,-0.4857389213060566,0.4375464351438636,0.04806944320086605,-0.004699627005498372,0.046906872230741546,0.9570577939295912,0.04806944320086605
feelsLikeC_Rmean=8,-0.2959215043225999,-0.0794903735672906,0.8938191814810086,-0.09850812318293788,-0.12389256623890348,-0.7996688113241343,0.1367430899749184,-0.007632293536266639,-0.2018353937406066,0.9308354003097596,0.4731479971821986,0.8938535916737059,-0.25184701702699325,0.9308354003097596
tempC_Rmean=12,-0.3786543780103598,-0.09636764337036786,1.0,0.05238295438918402,-0.051942076416085135,-0.9124859393980581,0.1084233549932641,0.01568524038790915,-0.2108457810939582,0.97610016970549,0.34520537987564803,0.999957281033384,-0.08782478034409026,0.97610016970549
windspeedMiles_Rmean=12,-0.13749302968266092,0.014447102663714425,0.05238295438918402,1.0,0.4222063936396051,-0.008748841441450949,-0.26817753433665265,-0.4786884409277735,0.35922948458521764,0.04389836628695598,-0.02397730119602004,0.05317348444537921,0.9668974460704142,0.04389836628695598
precipMM_Rmean=12,-0.05412410501525595,0.021558227282578103,-0.051942076416085135,0.4222063936396051,1.0,0.23556980249042936,-0.7642703294002081,-0.41501690904236427,0.5888831613597285,0.014639336956617446,0.351922428117073,-0.051392564011799056,0.4997872649589071,0.014639336956617446
humidity_Rmean=12,0.3217366568394928,0.08654734540577902,-0.9124859393980581,-0.008748841441450949,0.23556980249042936,1.0,-0.26137326169433805,-0.11023367597296453,0.2851284049514231,-0.8494154402180706,-0.0487817579212954,-0.9123474998743996,0.1306737326907298,-0.8494154402180706
visibility_Rmean=12,0.09960321521662764,-0.022788314775079303,0.1084233549932641,-0.26817753433665265,-0.7642703294002081,-0.26137326169433805,1.0,0.2381250685502471,-0.4342854615102209,0.03295059781874761,-0.34495085264138153,0.1079894340396914,-0.339609908741194,0.03295059781874761
pressure_Rmean=12,-0.041074176792851316,0.008490332989397302,0.01568524038790915,-0.4786884409277735,-0.41501690904236427,-0.11023367597296453,0.2381250685502471,1.0,-0.4459445565969412,-0.035125044928394036,-0.2032746856951975,0.015170010329507438,-0.4649376119225158,-0.035125044928394036
cloudcover_Rmean=12,0.030163462021555006,-0.012243471649583344,-0.2108457810939582,0.35922948458521764,0.5888831613597285,0.2851284049514231,-0.4342854615102209,-0.4459445565969412,1.0,-0.15392273356580746,0.11555628641859172,-0.21019588842456804,0.4178624781248476,-0.15392273356580746
heatIndexC_Rmean=12,-0.3815897289156739,-0.09483598653535326,0.97610016970549,0.04389836628695598,0.014639336956617446,-0.8494154402180706,0.03295059781874761,-0.035125044928394036,-0.15392273356580746,1.0,0.4975053825563739,0.9761613218229068,-0.09690273874112124,1.0
dewPointC_Rmean=12,-0.24089095310625602,-0.054965525820870095,0.34520537987564803,-0.02397730119602004,0.351922428117073,-0.0487817579212954,-0.34495085264138153,-0.2032746856951975,0.11555628641859172,0.4975053825563739,1.0,0.34545611497866163,-0.06712677376349004,0.4975053825563739
windChillC_Rmean=12,-0.3787580584988153,-0.0962771528210532,0.999957281033384,0.05317348444537921,-0.051392564011799056,-0.9123474998743996,0.1079894340396914,0.015170010329507438,-0.21019588842456804,0.9761613218229068,0.34545611497866163,1.0,-0.08707647408831395,0.9761613218229068
windGustMiles_Rmean=12,-0.0800971397832225,0.02874377293781914,-0.08782478034409026,0.9668974460704142,0.4997872649589071,0.1306737326907298,-0.339609908741194,-0.4649376119225158,0.4178624781248476,-0.09690273874112124,-0.06712677376349004,-0.08707647408831395,1.0,-0.09690273874112124
feelsLikeC_Rmean=12,-0.3815897289156739,-0.09483598653535326,0.97610016970549,0.04389836628695598,0.014639336956617446,-0.8494154402180706,0.03295059781874761,-0.035125044928394036,-0.15392273356580746,1.0,0.4975053825563739,0.9761613218229068,-0.09690273874112124,1.0
tempC_Rmean=24,-0.2353506310430921,-0.07296530614555302,0.5246193395425948,0.15560059662274786,0.1702158813687429,-0.4604963350468087,-0.06875756257924477,0.031512542989946664,-0.15389297013406816,0.4516113532051315,0.05550761959479257,0.5243727972455132,0.15545410886967045,0.4516113532051315
windspeedMiles_Rmean=24,0.030434793996560006,0.03759056432248711,-0.3857710964621139,0.7316110751161123,0.34396701735560464,0.4016756196053705,-0.2049535148481577,-0.3861108273637676,0.27720434107496306,-0.3996042755435574,-0.16624228739950447,-0.3850467251054353,0.7806910841834742,-0.3996042755435574
precipMM_Rmean=24,0.129448888728092,0.019835791336008518,-0.3787436823932725,0.24001356794498624,0.7474630127920158,0.5466791868675188,-0.5733305645127855,-0.4014471044167422,0.5168501258114104,-0.3112761847283885,0.2259900603957475,-0.37825180593369256,0.3614270974919289,-0.3112761847283885
humidity_Rmean=24,0.23905806098835505,0.07338585420415872,-0.5471614590094296,-0.11562282433287195,0.005193674893008806,0.6034212965785491,-0.07265235168975996,-0.11029889985008112,0.2324237244377336,-0.44282426950374654,0.13225752960914802,-0.546975694674215,-0.09959233891159533,-0.44282426950374654
visibility_Rmean=24,-0.044936779667567074,-0.03505150366949155,0.4012034018678987,-0.2252680439012807,-0.5761035700748067,-0.5069411897155209,0.5542675768377755,0.2396189998407201,-0.4130771528497,0.3537202822118711,-0.10080379827026938,0.4005832238375244,-0.3250450811038796,0.3537202822118711
pressure_Rmean=24,-0.042502811511241925,0.005173411031750481,0.1292325695792919,-0.4688455987010977,-0.4218395370265063,-0.22433346970682105,0.22749660149158416,0.9499067589672848,-0.4518394807858928,0.09102697661915836,-0.16507365002839766,0.12865602421602196,-0.4785223048416084,0.09102697661915836
cloudcover_Rmean=24,0.08280954965591909,-0.008681531366743472,-0.3377431620132781,0.35486959297457643,0.5465334092661169,0.40879346361453417,-0.4109215380581648,-0.4191537678574213,0.8014681694728933,-0.2871776595244098,0.08526029251430338,-0.33718465757963656,0.4313425873599382,-0.2871776595244098
heatIndexC_Rmean=24,-0.2605607386207813,-0.08072207511691684,0.5345105877767174,0.1912918058948752,0.26214321130581764,-0.4237244740790268,-0.1611768086401285,-0.027577516827481042,-0.07499213422994701,0.4904302872778362,0.17910745954797996,0.5343142243512503,0.19157021814884528,0.4904302872778362
dewPointC_Rmean=24,-0.11893003315567904,-0.02876736812833278,0.1303124211013083,0.09112995342272452,0.4729603828490701,0.12174249613272195,-0.42781736590672015,-0.2095121783616048,0.21103012714125052,0.23400022619394745,0.6219538447669305,0.13015614788503468,0.11105768260947224,0.23400022619394745
windChillC_Rmean=24,-0.2352969098990833,-0.07270880895329583,0.5244296211457068,0.1562428425159436,0.17077251918634972,-0.4600798465009438,-0.06917170296610578,0.0310513427411329,-0.15327733782360986,0.4514824263641407,0.055711496645486136,0.5242029146602727,0.15614266218557127,0.4514824263641407
windGustMiles_Rmean=24,0.0979820839083443,0.05092300696718058,-0.511975989052224,0.6476479927542766,0.3490323558192153,0.5210315349026039,-0.22289575983837245,-0.3539912254549871,0.31100420021393466,-0.5170942040191316,-0.1884783030220604,-0.511258933413626,0.7236920484920479,-0.5170942040191316
feelsLikeC_Rmean=24,-0.2605607386207813,-0.08072207511691684,0.5345105877767174,0.1912918058948752,0.26214321130581764,-0.4237244740790268,-0.1611768086401285,-0.027577516827481042,-0.07499213422994701,0.4904302872778362,0.17910745954797996,0.5343142243512503,0.19157021814884528,0.4904302872778362
tempC_Rmean=32,0.03562414571142605,-0.0258306326350384,-0.013067079302223731,-0.057510006723318075,0.07448263717251524,0.01517015293005466,0.002158435026272275,0.11649800902098052,-0.20625510211371328,-0.10281078423223684,-0.19999621642407825,-0.013567106816693444,0.032442870277105636,-0.10281078423223684
windspeedMiles_Rmean=32,0.17029663751254073,0.07365772629942816,-0.573485220856254,0.4675338039504431,0.1967224700998852,0.5694359333270095,-0.08571444472879806,-0.333203648878203,0.2273575792786948,-0.5652853763576761,-0.19314660028393435,-0.5728582420724758,0.5253786797009314,-0.5652853763576761
precipMM_Rmean=32,0.18266588054133245,0.03705071401468064,-0.4455439880991597,0.1121990616480355,0.5451234248175403,0.5899985173568763,-0.4150207917643143,-0.3635569939439201,0.4567074059065715,-0.3689188515166438,0.1930867126485824,-0.4448653128631476,0.2168126259155416,-0.3689188515166438
humidity_Rmean=32,0.00904379376491292,0.03286620716160972,-0.06939387156567496,0.07256811973608843,0.07071791273678438,0.15369169323087498,-0.12291906998351836,-0.1890907439330524,0.27874938288250906,0.047613278381038016,0.3254395459083585,-0.06899281785866135,0.006665558491270257,0.047613278381038016
visibility_Rmean=32,-0.11906542814990945,-0.06870061409606283,0.4727294501538629,-0.07406660618694437,-0.40986037043803575,-0.574446986751728,0.3977774633707091,0.22047524466810692,-0.3872295558296042,0.3994503929997585,-0.15440993215171148,0.4721658691871626,-0.15734058353914873,0.3994503929997585
pressure_Rmean=32,-0.11084717350018997,-0.009828145313505666,0.21758677029694776,-0.4249364711862616,-0.3896528363498201,-0.29654274097235034,0.1991127281522944,0.9240212155087892,-0.4456353154244804,0.1764495770447972,-0.1207321407956573,0.21701385805355589,-0.4431078023669303,0.1764495770447972
cloudcover_Rmean=32,0.1047021208958978,0.01819675316103976,-0.3751527688370047,0.3104818891339467,0.466574711279002,0.4449436121438785,-0.3615685415053611,-0.4000241307184241,0.6486754893484351,-0.3174369458458228,0.0919303206918059,-0.3745439715004608,0.378334487602628,-0.3174369458458228
heatIndexC_Rmean=32,0.028552637651769533,-0.03484734948348872,-0.029620446772900905,-0.0014937521643052518,0.17829328780237882,0.0724133930267896,-0.09827890703368053,0.05550847833465679,-0.11859367198294544,-0.10037645057386964,-0.1202403615605772,-0.030082231095758232,0.09558496908000906,-0.10037645057386964
dewPointC_Rmean=32,0.0621636905758733,-0.004753667381601452,-0.1528476920413063,0.06788598378453367,0.4302561540210108,0.3418298889879357,-0.4035204349211042,-0.20071438687856125,0.22957792852342485,-0.0813744489935416,0.3272726630673031,-0.15322076464310974,0.13652487841633915,-0.0813744489935416
windChillC_Rmean=32,0.03571948661700032,-0.02574231723316677,-0.01347520767039357,-0.0570378678160326,0.07490666875572259,0.015730201238596656,0.0017746337408450516,0.11612015974067293,-0.20569220460699644,-0.10318298716986668,-0.20003547543818606,-0.013969345746804869,0.033013262938791824,-0.10318298716986668
windGustMiles_Rmean=32,0.20383457829389964,0.07738012664919075,-0.6158208865658037,0.3975733347400127,0.18145672664227144,0.6084889818771728,-0.08876887506207493,-0.3095345178707544,0.2549755791928008,-0.593887385130776,-0.17712292113499786,-0.6151519928580281,0.4587997124836998,-0.593887385130776
feelsLikeC_Rmean=32,0.028552637651769533,-0.03484734948348872,-0.029620446772900905,-0.0014937521643052518,0.17829328780237882,0.0724133930267896,-0.09827890703368053,0.05550847833465679,-0.11859367198294544,-0.10037645057386964,-0.1202403615605772,-0.030082231095758232,0.09558496908000906,-0.10037645057386964
tempC_Rmean=48,0.3597082177079538,0.03431683448757674,-0.31346717537397184,-0.5926872949331196,-0.3673575751488375,0.21927034008617788,0.3601899570911465,0.2642633020832123,-0.3770107085239301,-0.3716028321572191,-0.3110483693017776,-0.3140987236474905,-0.5299125792021224,-0.3716028321572191
windspeedMiles_Rmean=48,0.11706304438778545,0.06081558873322376,-0.3159070636619948,0.3176533680212941,0.03325484502306066,0.3244942663295574,0.06177933106258576,-0.3377556429612571,0.22413265513532946,-0.2655351963894214,-0.02446717695960424,-0.31540098702825153,0.2986339667923853,-0.2655351963894214
precipMM_Rmean=48,0.1039200112122968,0.039038515705708016,-0.1770506745755265,0.12940058179534955,0.4237222380024992,0.3175059113611212,-0.3372301612101023,-0.3974258344898587,0.4364480523187548,-0.07463578950494575,0.3293454912465897,-0.17600873041624635,0.15804090400265794,-0.07463578950494575
humidity_Rmean=48,-0.3047125815949514,-0.0331411454530547,0.2600692743842507,0.5507627928975369,0.4774149879590287,-0.1006580393372367,-0.4589886946418188,-0.3179650246508716,0.4349876531381791,0.34546621168542274,0.4379291990786249,0.2607586181378657,0.5004550525141619,0.34546621168542274
visibility_Rmean=48,-0.1002200044268773,-0.049700702041428416,0.18776139407939896,-0.0706416272775785,-0.3107365952804111,-0.2955406000147209,0.2768382580384273,0.2972275561033725,-0.3881671181776879,0.08819451938783457,-0.2885074553633877,0.1869009154571795,-0.08947624497151731,0.08819451938783457
pressure_Rmean=48,-0.12621032889164313,-0.01759801565134704,0.1982138784879197,-0.3733621968933004,-0.31354647974219024,-0.2704914077011151,0.13650092721257728,0.8987173467694375,-0.4182578670983425,0.14328121212348954,-0.14493938573349227,0.1976656086647097,-0.3758917589986717,0.14328121212348954
cloudcover_Rmean=48,0.05899672591877784,0.0764393691823326,-0.3005827035238146,0.28394928452671514,0.3771782925525333,0.3846975186770923,-0.3277724761699129,-0.4098752769876327,0.5482246587052113,-0.2162120133984896,0.17448122383031034,-0.29987429306691404,0.31981137063990595,-0.2162120133984896
heatIndexC_Rmean=48,0.3927365839415901,0.03436677605400933,-0.41142846969365904,-0.5639293220580761,-0.2890693691350318,0.3442019088243856,0.2764119917934922,0.21431869124468608,-0.30775246713134063,-0.4535395933288352,-0.260704984781208,-0.4120291967967573,-0.48461871564950804,-0.4535395933288352
dewPointC_Rmean=48,0.2212764167228188,0.010124300999847556,-0.33730679939669306,-0.09818966027440867,0.24472755730330764,0.4440005877784114,-0.2685775882127324,-0.1440788897588252,0.17962553141858587,-0.2775004930090612,0.17851508550176365,-0.33737599719963746,-0.03645398615095146,-0.2775004930090612
windChillC_Rmean=48,0.35996462490167336,0.034201144033441336,-0.31382549847152336,-0.5925195670363608,-0.3673237441585572,0.2196134844243769,0.3601150443494695,0.2641778862672802,-0.3766140984426261,-0.3719405160579939,-0.3113359177063801,-0.3144575802340305,-0.529706719154557,-0.3719405160579939
windGustMiles_Rmean=48,0.06947361109419012,0.05510576564190164,-0.2253890867858625,0.3329702116507229,0.06342149923259911,0.2514300431397473,0.022920812792759232,-0.3424341425509411,0.2643623263492474,-0.16265285850670091,0.05201287275546023,-0.22474296731894325,0.3017719192509834,-0.16265285850670091
feelsLikeC_Rmean=48,0.3927365839415901,0.03436677605400933,-0.41142846969365904,-0.5639293220580761,-0.2890693691350318,0.3442019088243856,0.2764119917934922,0.21431869124468608,-0.30775246713134063,-0.4535395933288352,-0.260704984781208,-0.4120291967967573,-0.48461871564950804,-0.4535395933288352
tempC_Rmean=96,0.04623160782566885,0.003445040637831259,0.3530416427970892,-0.327875628929102,-0.13277872484961284,-0.38729276855417205,0.22199278422042126,0.08807274627281007,-0.3153862322873436,0.2887336628923022,-0.07477047897637654,0.3528704940612382,-0.3427764715126573,0.2887336628923022
windspeedMiles_Rmean=96,0.006236580708496672,0.013333959317407787,-0.18497406010608644,0.4659178586478715,0.1886260407083812,0.21663750114541672,-0.05128205801913145,-0.31897242917488616,0.25523972587593524,-0.16006414088836404,-0.024976629057778057,-0.1846952959544465,0.4705642572642531,-0.16006414088836404
precipMM_Rmean=96,0.031692777275594566,-0.009733647695544127,-0.17017410502053487,0.2174097901603805,0.4447830706174994,0.3026756602670044,-0.3652912997451178,-0.3876988836966857,0.441384633221212,-0.08771367128952641,0.2894953220679281,-0.16933705807905272,0.2680755067680149,-0.08771367128952641
humidity_Rmean=96,-0.01585938745020774,-0.021321901379998214,-0.35208300420326205,0.25232092991869365,0.2913148286702974,0.4663796425683652,-0.3776291317560399,-0.14423975737879208,0.3769173549226727,-0.25190618046263563,0.27679976951121604,-0.3517924042088996,0.28672172351433195,-0.25190618046263563
visibility_Rmean=96,-0.056056607984813885,0.014940088431069809,0.15496065274836304,-0.2031990338908612,-0.3246514863373546,-0.2466889279526989,0.2803589330752329,0.2973249948606035,-0.35769635410675504,0.09067968445653052,-0.19749269847944004,0.1541459478685593,-0.24211095370143856,0.09067968445653052
