0,statusN_Rmean=8,statusS_Rmean=8,tempC_Rmean=8,windspeedMiles_Rmean=8,precipMM_Rmean=8,humidity_Rmean=8,visibility_Rmean=8,pressure_Rmean=8,cloudcover_Rmean=8,heatIndexC_Rmean=8,dewPointC_Rmean=8,windChillC_Rmean=8,windGustMiles_Rmean=8,feelsLikeC_Rmean=8
statusN,0.5257356865696508,0.05965135192102525,-0.3206210577166925,-0.06376576266711058,0.04388167234124754,0.28590205584790473,0.04012260612987277,-0.019048167757094,0.056951717184946585,-0.3413735282213539,-0.20281918969848248,-0.3203639835642485,0.0017159157661861325,-0.3413735282213539
statusS,0.08032218810994404,0.6266612436227877,-0.09604103074297723,0.010969230990862463,0.008721778572498772,0.08083820505166299,-0.03294304093110837,0.010704856444406151,-0.019598510953274164,-0.09902060477251808,-0.047626480144690085,-0.09577017652520202,0.024529991950274714,-0.09902060477251808
tempC,-0.20767308470541168,-0.06618402941230983,0.8044425598345131,-0.19674549371837768,-0.2688058200087308,-0.7829279597340902,0.32239451679846337,0.05954389311342674,-0.2872672282365611,0.8122881243140426,0.2860809063757436,0.8043258548727586,-0.3479477314840067,0.8122881243140426
windspeedMiles,-0.13778703312836893,0.01307675489254324,0.19213282147793587,0.8758474640867718,0.3334249630015935,-0.15376977144503742,-0.2500166353336725,-0.4901651996789778,0.3676298632880467,0.2069472383521374,0.0579032781166572,0.1928634892575152,0.8024027834941044,0.2069472383521374
precipMM,-0.10440186451779816,0.017909598125356873,0.14334779101741654,0.4032884576565803,0.8651078931230041,0.03682258149260018,-0.6241815648293388,-0.4579018195374972,0.5760191967228525,0.2183701111578547,0.4288850038446325,0.14397232877654853,0.4317988644807356,0.2183701111578547
humidity,0.16161688155286194,0.05352239344390595,-0.7237465886528291,0.2232115636796011,0.4396607965190433,0.8384620134449959,-0.4510567470732017,-0.1710364202699532,0.3520820813275619,-0.6858998334685081,-0.00957862500301966,-0.7234036345816415,0.36774489544926203,-0.6858998334685081
visibility,0.09004294351971093,-0.04206450514554157,-0.07240203442499342,-0.33323139633050186,-0.7148789931496508,-0.07971095867192557,0.67141424727347,0.3367301360405658,-0.4614985233459693,-0.1417266314035978,-0.3500405750997001,-0.07304724178491581,-0.3650908061617341,-0.1417266314035978
pressure,-0.06629861646316547,0.0005784881653836119,-0.010526134599518946,-0.4256649275867145,-0.4093975507762751,-0.0804867682304857,0.17809474101684128,0.9656978572290068,-0.4325485966188516,-0.06772817384586115,-0.20367953028709035,-0.011025882185801849,-0.3999792399974037,-0.06772817384586115
cloudcover,-0.003513919499501873,-0.02104713901755088,-0.14666539747904048,0.309793272476697,0.5416582265706661,0.2183572149626796,-0.4060579435875227,-0.4483521717381538,0.8980691846737041,-0.08036395609771065,0.16062838274561925,-0.14604775760535746,0.3490690482748837,-0.08036395609771065
heatIndexC,-0.19164712328821326,-0.06228683617254415,0.7526879861408362,-0.21591842990214846,-0.21001342397506545,-0.6958785142976152,0.2605163956064851,0.017586833223609457,-0.2381094272149022,0.7943705140490193,0.4038307233982028,0.7526651799678322,-0.3627130005649124,0.7943705140490193
dewPointC,-0.11888148738029385,-0.03286143482320289,0.2115312846282224,-0.10732999881030536,0.2488253485370927,0.01611584324003652,-0.21063561514921408,-0.2036480436743952,0.08113720659115793,0.3470661705780443,0.7689381315964644,0.21175156192801645,-0.1455532457026973,0.3470661705780443
windChillC,-0.2078031471022541,-0.0661102831026215,0.8044062743824814,-0.19595327662611745,-0.2683432275044496,-0.7828650894933439,0.3219276915766669,0.05900771867509861,-0.2866638715285135,0.8122733068383559,0.2860481284146753,0.8042970302155211,-0.3471763893981077,0.8122733068383559
windGustMiles,-0.11880108374725493,0.02318271433782775,0.1221430614860486,0.904368148242393,0.4462345280511326,-0.07473977745760299,-0.3463700221999233,-0.4888997501490823,0.4393016383378881,0.13560718030208915,0.04374508483334907,0.12287527270786586,0.8725079554605246,0.13560718030208915
feelsLikeC,-0.19164712328821326,-0.06228683617254415,0.7526879861408362,-0.21591842990214846,-0.21001342397506545,-0.6958785142976152,0.2605163956064851,0.017586833223609457,-0.2381094272149022,0.7943705140490193,0.4038307233982028,0.7526651799678322,-0.3627130005649124,0.7943705140490193
statusN_Rmean=2,0.6003880320006301,0.07123213847141166,-0.33621837322630843,-0.07651766619224656,0.030581242323682093,0.2965897071743709,0.04798311300032427,-0.02123947200406182,0.05266663789761356,-0.35487525123556496,-0.21445746760165424,-0.3359532463434168,-0.012275027879888259,-0.35487525123556496
statusS_Rmean=2,0.08907974474821133,0.6900722730717727,-0.09857435232992992,0.01013816782116201,0.008279273278328829,0.08297100603920415,-0.03292964270174518,0.0111102784505531,-0.018179566617413257,-0.10081526642796716,-0.051126473814227344,-0.09828650592159922,0.023848038492314358,-0.10081526642796716
statusN_Rmean=3,0.6700359993744892,0.08198538538815149,-0.35026508018557434,-0.08865145606635283,0.01779298732935838,0.30598208979085995,0.05551648977367385,-0.02397891903266909,0.0490970404680249,-0.3666283927537389,-0.2252197404095718,-0.350040074664692,-0.02509648305031201,-0.3666283927537389
statusS_Rmean=3,0.0970269697646103,0.7537656630693433,-0.10061576541574707,0.009300790978632862,0.009013373508665743,0.08498256248296347,-0.03342759521976866,0.01080286555369009,-0.017005154901276937,-0.10209404399712037,-0.05374157514116384,-0.1003168787672852,0.023073592773323257,-0.10209404399712037
statusN_Rmean=4,0.7409043752420373,0.09150668685137886,-0.3617465521925297,-0.09908141018095276,0.005106853523551343,0.3132074161301209,0.0637391782672833,-0.026862332723276046,0.045242703190095004,-0.3754781651103765,-0.2332609073632177,-0.3616391901219355,-0.036194791102031776,-0.3754781651103765
statusS_Rmean=4,0.10421336573865704,0.8141185803854583,-0.10215933527056614,0.008812424205756229,0.009261968915567428,0.08660256582241575,-0.03366613542589464,0.010727564634232255,-0.01577523867828589,-0.10305257468519867,-0.05622491536890393,-0.1019132098006211,0.022741405877601272,-0.10305257468519867
statusN_Rmean=8,1.0,0.11464073311940814,-0.3711348090891842,-0.13199124269277526,-0.04295044687808956,0.31263371448895044,0.09847761410786636,-0.04417686261587212,0.02708463217230421,-0.3724829432171908,-0.23924616408793,-0.3712365822038576,-0.07482477910434635,-0.3724829432171908
statusS_Rmean=8,0.11464073311940814,1.0,-0.09938589723868912,0.01174933927630949,0.014000206103662713,0.08628937417536797,-0.040398344185474194,0.008184971159733016,-0.013352153610473254,-0.09806061950320936,-0.05872915185816074,-0.09934045646943714,0.025261633072977813,-0.09806061950320936
statusN_Rmean=12,0.7953789505002535,0.10686886469065847,-0.3054540639767012,-0.14999220386295084,-0.08786705652858548,0.2499927870432321,0.13094651821398814,-0.0573327289750774,0.010406857068629864,-0.2959215043225999,-0.18838888337885928,-0.3056188883735165,-0.10860845133947447,-0.2959215043225999
statusS_Rmean=12,0.09453352976335604,0.8170996360666718,-0.08268997803259973,0.015527811140633396,0.01891131177926584,0.0723922215806248,-0.05380477388814591,0.003873397891232925,-0.01614284924157804,-0.0794903735672906,-0.04547592853259507,-0.0826574537396265,0.027038852505069644,-0.0794903735672906
statusN_Rmean=24,0.23315840441617325,-0.013731767837513141,0.1732723096408475,-0.039921121047516335,-0.08083885479533268,-0.17030357040072094,0.11697127277756934,-0.07155916057644439,0.021316341336389752,0.19800266921024487,0.10776105491424916,0.17345115282537518,-0.09311151363721036,0.19800266921024487
statusS_Rmean=24,0.023377558869825475,0.2605369041910689,-0.006828687868133268,0.051766004672212165,0.034209511189982465,-0.0009480246334277797,-0.07562916325085474,-0.0023701751657446393,0.004472745799053926,-0.0004894945341950663,0.003161030772509355,-0.006441938928141425,0.04879449830311692,-0.0004894945341950663
statusN_Rmean=32,0.015057767145846184,-0.07003496416685448,0.3966996470793568,0.1319569147245563,0.051617382492662685,-0.3700254014647335,-0.0019355105833706247,-0.13059175602089151,0.06741501662562199,0.41864654308495697,0.19736013394987545,0.39717557946828935,0.05753533724433156,0.41864654308495697
statusS_Rmean=32,0.03930212753977034,0.12563097361268433,7.903150009441813e-05,0.07385047600628912,0.04263344658886657,-0.010368997143920429,-0.07119758664898015,-0.011161585071336909,0.03590008413761761,0.0041393741826029964,-0.00648993444111835,0.0007367803091116118,0.07434637570134553,0.0041393741826029964
statusN_Rmean=48,-0.07857494873167956,-0.08694137597813713,0.15886701421115335,0.2752371535935727,0.2346272598382819,-0.11222007679578168,-0.15440035315413314,-0.16580556715522635,0.09676516523535676,0.1467861966097372,0.07715630594958844,0.1594358800313679,0.2861699641843404,0.1467861966097372
statusS_Rmean=48,0.08146610435164946,0.02197405719563605,-0.05690452111197514,0.07114298939766397,0.019324790744162112,0.047668183301841485,-0.04011275664420249,0.0031834416303782244,0.02279545266134813,-0.057945502178347576,-0.04732538632326122,-0.05620157590862663,0.0799295618862184,-0.057945502178347576
statusN_Rmean=96,0.08006930570260434,-0.012885167865645386,0.013705524267242477,0.1365387881245509,0.08842861319415772,-0.010936994104792852,0.005889252773985693,-0.18930796184215126,0.04149750115065943,0.010479766127695495,-0.01795168391749762,0.014246260873081487,0.13346252963308886,0.010479766127695495
statusS_Rmean=96,0.05734181744833715,-0.0250409727268858,-0.062152100214571473,0.0577834032140473,0.026384181281975543,0.07244694570080147,-0.0650433056452186,0.014300278088074875,0.02679182984302124,-0.06805834816880585,-0.038558118455498704,-0.06178386320006107,0.06424191859158675,-0.06805834816880585
tempC_Rmean=2,-0.2427416472042661,-0.07348431710287757,0.8528215353780613,-0.1575166709540862,-0.2368528713958985,-0.8198484684239844,0.2979983189848211,0.05056090738473089,-0.2764276049412077,0.8572738421214279,0.30697978374822205,0.8527341524715351,-0.3111914670686425,0.8572738421214279
windspeedMiles_Rmean=2,-0.13719501769922055,0.0057428519946921145,0.18916775578464504,0.9009855509710464,0.354482988234229,-0.15233503719658126,-0.2526992982148658,-0.4924523305050642,0.3713762597634295,0.19878414646004394,0.04387970678412651,0.18993096455580347,0.8346849521608327,0.19878414646004394
precipMM_Rmean=2,-0.11691829974045186,0.024115596854760703,0.09569793595296862,0.4263879990899862,0.8600501584815021,0.07556496975226658,-0.7046286574487247,-0.39108625715896655,0.5707387113401495,0.16874725654891218,0.3995313900184808,0.09629918981431526,0.4579709822238872,0.16874725654891218
humidity_Rmean=2,0.19275079892003816,0.0603381993713732,-0.7679031298112169,0.1860407110825769,0.4110091259158497,0.8788968634312201,-0.4279159986978768,-0.16079034378233564,0.34134968030583257,-0.7271605510363366,-0.02333091618989069,-0.7675959966624248,0.33356123174525115,-0.7271605510363366
visibility_Rmean=2,0.02543444562662488,-0.010054734801495041,-0.12306730460632148,-0.2991837845969812,-0.6975402789118426,-0.011662913188000987,0.4676349976655389,0.4294077406627221,-0.423527571121437,-0.17043304710142054,-0.27332785939782195,-0.12368065396707276,-0.33952354098845416,-0.17043304710142054
pressure_Rmean=2,-0.06601294458211991,0.0014772993425678435,-0.00954422282126423,-0.4353473637129828,-0.4159339818020834,-0.08148463742278758,0.1856080120352616,0.973622173473956,-0.435136466011201,-0.06666684827063826,-0.20293776673405686,-0.010039351857406028,-0.4113271758067144,-0.06666684827063826
cloudcover_Rmean=2,-0.0006790979335427423,-0.02028070871094291,-0.15336724672446345,0.3174978622664434,0.5513150474017157,0.22475233907072287,-0.4109186895307485,-0.4480962255169199,0.9219646562921096,-0.08833851191833278,0.1527343828687674,-0.15273713617145854,0.35920295836941324,-0.08833851191833278
heatIndexC_Rmean=2,-0.22874962348900016,-0.06957968033902864,0.8049599875278383,-0.17644856773104214,-0.1785782977309823,-0.7357362539360375,0.23503384119924786,0.008002632241581147,-0.2281000271688245,0.8454073900243054,0.4306435783271701,0.8049604561412772,-0.32667375669989424,0.8454073900243054
dewPointC_Rmean=2,-0.145025831015599,-0.038040636469285134,0.2407889608368605,-0.09731038090246186,0.2633919729464078,0.00029992595302106266,-0.2223928525592853,-0.20590958258651093,0.08360269194556615,0.38078314873098623,0.8193755825060818,0.24100797558821202,-0.13798531020372326,0.38078314873098623
windChillC_Rmean=2,-0.2428834881446495,-0.07341688046568125,0.8528033327398536,-0.15671480714591646,-0.2363857541881545,-0.8197914383433191,0.2975185529713211,0.05002837956046961,-0.27580209388427696,0.8572917669841714,0.3070043947480429,0.8527229757410612,-0.310412719350151,0.8572917669841714
windGustMiles_Rmean=2,-0.11616050470025828,0.02621743373270345,0.09616884994194314,0.9257113735110022,0.4570863457299438,-0.047816786555936776,-0.3674557949907899,-0.4837857648364993,0.43918321407010746,0.1070679279514602,0.03246006326744221,0.09689934510118857,0.901796039786125,0.1070679279514602
feelsLikeC_Rmean=2,-0.22874962348900016,-0.06957968033902864,0.8049599875278383,-0.17644856773104214,-0.1785782977309823,-0.7357362539360375,0.23503384119924786,0.008002632241581147,-0.2281000271688245,0.8454073900243054,0.4306435783271701,0.8049604561412772,-0.32667375669989424,0.8454073900243054
tempC_Rmean=3,-0.2763560045787617,-0.0792892632888836,0.8949164267816685,-0.12024703134157814,-0.208841493450654,-0.8490076093245663,0.2679447845897812,0.04924412504470412,-0.2697918382763099,0.8957285827901493,0.3276766418433948,0.8948770253346618,-0.2759180789918529,0.8957285827901493
windspeedMiles_Rmean=3,-0.1454877600016401,0.015283496897072034,0.16295776398425327,0.9313031059199672,0.358227158672124,-0.12081973938525715,-0.29011661902124675,-0.4814046686796906,0.3666165981592264,0.17278408070585458,0.0439301123106698,0.16372676343329934,0.8651429465785565,0.17278408070585458
precipMM_Rmean=3,-0.0994061586539376,0.009604686599110243,0.07197704650191095,0.4023993873101099,0.8987694178678877,0.1144576121759765,-0.7096832661549635,-0.4164873517417529,0.5803416913539322,0.14921571805242576,0.4200886803386248,0.07248623421514593,0.4459541128020997,0.14921571805242576
humidity_Rmean=3,0.22074544621404715,0.06707387036311481,-0.807641788840368,0.15172327269407934,0.3811221103467355,0.9143292076650352,-0.40327565645693897,-0.15177380328162898,0.33203651171850834,-0.7637755886557249,-0.035957265577283994,-0.8073702184819791,0.300668729187959,-0.7637755886557249
visibility_Rmean=3,0.12726010957684689,-0.04829328223552963,0.0406475706094824,-0.33222315157372745,-0.6183408531759574,-0.1577865218912231,0.8188357609432783,0.1758932782128868,-0.4160620648465129,-0.023173441444810653,-0.2738979364351045,0.040036789337442584,-0.3680427549916185,-0.023173441444810653
pressure_Rmean=3,-0.06473793811898038,0.002409206271620036,-0.007786038101715941,-0.4445365237672231,-0.4224551338299627,-0.08353799617325333,0.19305882968724566,0.9810817109911129,-0.4373470732973433,-0.06469978266064985,-0.20276369307633368,-0.008275543785855549,-0.4223622957076772,-0.06469978266064985
cloudcover_Rmean=3,0.0030732526991503945,-0.01887261887502912,-0.1605148400772941,0.3258370682456158,0.5598235117860413,0.2311283516396765,-0.4141984229436631,-0.44824308629928905,0.9437090749468808,-0.0970249238915884,0.14346672503672414,-0.1598712651515128,0.3699766777946861,-0.0970249238915884
heatIndexC_Rmean=3,-0.26139239351195026,-0.07706073953507292,0.8523792445404063,-0.1371206779271508,-0.1434414216061655,-0.7724507261321321,0.2131848757304189,-0.004674072213644293,-0.21340789048654865,0.8904607354605414,0.4511526116841602,0.8523823506642729,-0.28894894237504376,0.8904607354605414
dewPointC_Rmean=3,-0.16861557984425932,-0.04292203594783131,0.2681447900010278,-0.08647274855397698,0.27793231070011154,-0.014436368708642903,-0.2340610569537984,-0.2069230620764297,0.0863195588588634,0.41178724305976544,0.8688990653618249,0.2683641030584165,-0.12935569130831814,0.41178724305976544
windChillC_Rmean=3,-0.2764814504630635,-0.07916582889550915,0.8948661305990533,-0.11927422942699475,-0.2082897980717443,-0.8489021258644622,0.2674235977116399,0.04855846632172688,-0.2690649660249179,0.8957534554227072,0.3277832328209249,0.8948513779366746,-0.2749726620560042,0.8957534554227072
windGustMiles_Rmean=3,-0.11012269296263696,0.026479086672646698,0.07041873313119341,0.9438990647462192,0.4657855208923085,-0.02343592927324981,-0.376463970431381,-0.4817228806235253,0.4362025537025083,0.0778232746307371,0.01570122946830747,0.07115070675384337,0.9294942849517396,0.0778232746307371
feelsLikeC_Rmean=3,-0.26139239351195026,-0.07706073953507292,0.8523792445404063,-0.1371206779271508,-0.1434414216061655,-0.7724507261321321,0.2131848757304189,-0.004674072213644293,-0.21340789048654865,0.8904607354605414,0.4511526116841602,0.8523823506642729,-0.28894894237504376,0.8904607354605414
tempC_Rmean=4,-0.3030624652803847,-0.0855522968848398,0.9314585998403364,-0.08184265784666397,-0.1737734899680075,-0.8748241568380585,0.2438444281307491,0.03902819979622812,-0.25722369175391024,0.9273823869903676,0.3406885682464474,0.9314227183956956,-0.2369635744951515,0.9273823869903676
windspeedMiles_Rmean=4,-0.13798841465078762,0.008973488242654572,0.1568956680409087,0.9525307767944542,0.3761642215752752,-0.12021358145071985,-0.27101984622844577,-0.5004456328854436,0.3699789457296335,0.15898089523579845,0.01969695051689835,0.15769202480042616,0.8942266376130851,0.15898089523579845
precipMM_Rmean=4,-0.08215574548127942,0.017256805052209338,0.07826002027539647,0.4189833665379771,0.9454416796027076,0.10531238282098046,-0.6848423168125457,-0.4565834711242776,0.5871169409399793,0.1487466762299689,0.40076003170382574,0.07886849551967443,0.4702068197662751,0.1487466762299689
humidity_Rmean=4,0.2456469382201873,0.07260417334988102,-0.8413507905431628,0.1150233230280697,0.34942254211826873,0.9442172135343516,-0.3787591567215196,-0.14085761217562348,0.32051895057076923,-0.7941224089776016,-0.045082500838666134,-0.8411094574779698,0.26443486980481035,-0.7941224089776016
visibility_Rmean=4,0.12182004126409955,-0.05347011341381645,0.059177814299360004,-0.3172018655125561,-0.6521839061958882,-0.19203143410714604,0.8840940731814831,0.197406620083364,-0.4150499450732975,-0.011883931739661673,-0.31592280439380754,0.05866223567725366,-0.3577720715441869,-0.011883931739661673
pressure_Rmean=4,-0.062133300276669814,0.003204658858266232,-0.00503142505779569,-0.4529406591477567,-0.42856458496356375,-0.08671253605542686,0.19990717008971373,0.9870292740614892,-0.4392375544017994,-0.06159976780133184,-0.2028301046213154,-0.005513612607542176,-0.432829023458465,-0.06159976780133184
cloudcover_Rmean=4,0.006810584495655928,-0.017486117211033703,-0.170025188945772,0.3332295352316875,0.5675360852069103,0.2403469071736133,-0.4192057006339744,-0.4469876476833721,0.962778195125134,-0.1076343311322016,0.13613245011052913,-0.16936946359595242,0.3800402090546657,-0.1076343311322016
heatIndexC_Rmean=4,-0.2922249643537195,-0.08293357780705653,0.8917102919558035,-0.09762729976265998,-0.10952820102374156,-0.7999170028802391,0.18406602683848394,-0.013143890063206714,-0.2007925195405036,0.9283819130626372,0.4723902924877145,0.8917260253392291,-0.25040285873070434,0.9283819130626372
dewPointC_Rmean=4,-0.18950287644196145,-0.04757854408934762,0.2924939405227389,-0.07493794073590898,0.292926873944976,-0.02721789747118015,-0.24508191519016664,-0.20731534551944444,0.08960178895915688,0.4390076065342564,0.9095307688448148,0.2927263541432248,-0.1196443881493367,0.4390076065342564
windChillC_Rmean=4,-0.3031845174751711,-0.0854975392116141,0.931414661015292,-0.08100858515476896,-0.17327977157290347,-0.874750099219648,0.24334109050060754,0.03849209729989783,-0.25653348017460403,0.9274203413118252,0.34078694274524424,0.9314312336840788,-0.23615293558630804,0.9274203413118252
windGustMiles_Rmean=4,-0.10014126975917212,0.025648359407841742,0.0473239888940744,0.9578273192375828,0.4751313524084743,-0.003630478605368854,-0.371294987618896,-0.4892271979295513,0.4327000086911527,0.04977503407576807,-0.006895484126090488,0.048065614916367634,0.9539662578022164,0.04977503407576807
feelsLikeC_Rmean=4,-0.2922249643537195,-0.08293357780705653,0.8917102919558035,-0.09762729976265998,-0.10952820102374156,-0.7999170028802391,0.18406602683848394,-0.013143890063206714,-0.2007925195405036,0.9283819130626372,0.4723902924877145,0.8917260253392291,-0.25040285873070434,0.9283819130626372
tempC_Rmean=8,-0.3711348090891842,-0.09938589723868912,1.0,0.05395095154523182,-0.0403202308123993,-0.9121314600413372,0.1417394785129597,0.013239604681669731,-0.21030147723913747,0.9758683898185526,0.3507203658480568,0.9999413381280544,-0.0861342980457914,0.9758683898185526
windspeedMiles_Rmean=8,-0.13199124269277526,0.01174933927630949,0.05395095154523182,1.0,0.4083998415948433,-0.01331150291019452,-0.3205612244887221,-0.4776539401989888,0.3577661542735284,0.04592421800221485,-0.023034954886191436,0.054768093574147816,0.9650557248974228,0.04592421800221485
precipMM_Rmean=8,-0.04295044687808956,0.014000206103662713,-0.0403202308123993,0.4083998415948433,1.0,0.2252406385798485,-0.717485390507072,-0.4481871683592886,0.5900631525715752,0.0258975884441553,0.353974609510584,-0.039774926783254685,0.4894404150770095,0.0258975884441553
humidity_Rmean=8,0.31263371448895044,0.08628937417536797,-0.9121314600413372,-0.01331150291019452,0.2252406385798485,1.0,-0.2757352058586955,-0.10839178490714682,0.279583547604605,-0.8505583540449227,-0.054495280248628604,-0.9120005322886808,0.12479478363346347,-0.8505583540449227
visibility_Rmean=8,0.09847761410786636,-0.040398344185474194,0.1417394785129597,-0.3205612244887221,-0.717485390507072,-0.2757352058586955,1.0,0.21984851814669296,-0.4291216238217524,0.07451105867370805,-0.2877224891814318,0.14122566257725708,-0.3857462789948714,0.07451105867370805
pressure_Rmean=8,-0.04417686261587212,0.008184971159733016,0.013239604681669731,-0.4776539401989888,-0.4481871683592886,-0.10839178490714682,0.21984851814669296,1.0,-0.4449020287280019,-0.04037995560197884,-0.2046543881901245,0.012767082946806212,-0.4669886102434686,-0.04037995560197884
cloudcover_Rmean=8,0.02708463217230421,-0.013352153610473254,-0.21030147723913747,0.3577661542735284,0.5900631525715752,0.279583547604605,-0.4291216238217524,-0.4449020287280019,1.0,-0.15250048539237648,0.10979876151747488,-0.20962915729845466,0.4157085436035508,-0.15250048539237648
heatIndexC_Rmean=8,-0.3724829432171908,-0.09806061950320936,0.9758683898185526,0.04592421800221485,0.0258975884441553,-0.8505583540449227,0.07451105867370805,-0.04037995560197884,-0.15250048539237648,1.0,0.4995172436752754,0.9759130511838692,-0.09517697526453348,1.0
dewPointC_Rmean=8,-0.23924616408793,-0.05872915185816074,0.3507203658480568,-0.023034954886191436,0.353974609510584,-0.054495280248628604,-0.2877224891814318,-0.2046543881901245,0.10979876151747488,0.4995172436752754,1.0,0.3509428358847632,-0.06910654341639584,0.4995172436752754
windChillC_Rmean=8,-0.3712365822038576,-0.09934045646943714,0.9999413381280544,0.054768093574147816,-0.039774926783254685,-0.9120005322886808,0.14122566257725708,0.012767082946806212,-0.20962915729845466,0.9759130511838692,0.3509428358847632,1.0,-0.08536928064517471,0.9759130511838692
windGustMiles_Rmean=8,-0.07482477910434635,0.025261633072977813,-0.0861342980457914,0.9650557248974228,0.4894404150770095,0.12479478363346347,-0.3857462789948714,-0.4669886102434686,0.4157085436035508,-0.09517697526453348,-0.06910654341639584,-0.08536928064517471,1.0,-0.09517697526453348
feelsLikeC_Rmean=8,-0.3724829432171908,-0.09806061950320936,0.9758683898185526,0.04592421800221485,0.0258975884441553,-0.8505583540449227,0.07451105867370805,-0.04037995560197884,-0.15250048539237648,1.0,0.4995172436752754,0.9759130511838692,-0.09517697526453348,1.0
tempC_Rmean=12,-0.3732433416970858,-0.09970989175371264,0.9346588541827108,0.15009612910623815,0.07746073009933822,-0.8425733674782921,0.04808954843040721,-0.002316934844047123,-0.17016277999278245,0.8938191814810086,0.29127131607229884,0.934598224936409,0.04617372639880109,0.8938191814810086
windspeedMiles_Rmean=12,-0.10118697989715712,0.012553883215425835,-0.08223307524390032,0.9583504334509216,0.4127905337012052,0.11724763030582258,-0.32251664459031765,-0.4544861896688233,0.3348140879666152,-0.09850812318293788,-0.07664439883266284,-0.0814319047170272,0.960024122859662,-0.09850812318293788
precipMM_Rmean=12,-0.0024259662593418825,0.015260241623112503,-0.1872009130104373,0.3875983843014396,0.9390385740447924,0.3606951499112697,-0.7160468880877741,-0.39726094130510303,0.567165990323587,-0.12389256623890348,0.2876268103842409,-0.1867699786917665,0.4877436414389312,-0.12389256623890348
humidity_Rmean=12,0.3261200588998401,0.08791024118667669,-0.8764014908011121,-0.10523789320529647,0.11175934846177116,0.9461653968858104,-0.18000421475566936,-0.08876765588336408,0.2452861910188955,-0.7996688113241343,-0.024029803312670142,-0.8763191908729849,0.0021140650586332433,-0.7996688113241343
visibility_Rmean=12,0.0625718885576079,-0.01759720057917109,0.2062186639867105,-0.2433591000211685,-0.7269481904167268,-0.36008150890943186,0.8744382203119668,0.2209340092701785,-0.42335934997753344,0.1367430899749184,-0.3038049954280799,0.20584060180257088,-0.3261168382006652,0.1367430899749184
pressure_Rmean=12,-0.02630676338994689,0.010821773759839332,0.04109115209103096,-0.4873868457395806,-0.4586013466211657,-0.14134003040332893,0.2252117931085912,0.9888690865197411,-0.4483662807650111,-0.007632293536266639,-0.2039972882516987,0.04060255515748525,-0.4857389213060566,-0.007632293536266639
cloudcover_Rmean=12,0.04708212715574213,-0.013303597681652094,-0.2566001833170435,0.3694523690393963,0.5943790861858332,0.32471787236852057,-0.4314885057365271,-0.4395688624846205,0.9655267964086106,-0.2018353937406066,0.0939844429991884,-0.2559633490088972,0.4375464351438636,-0.2018353937406066
heatIndexC_Rmean=12,-0.3878124512783124,-0.10068261986688024,0.9298186180684684,0.15454187212052786,0.14805832517427994,-0.7934058698866773,-0.02718821842012052,-0.0560399187820034,-0.10891423187454596,0.9308354003097596,0.44190438319088265,0.929844382085372,0.04806944320086605,0.9308354003097596
dewPointC_Rmean=12,-0.237577430893698,-0.054154817401549565,0.33781318684997946,0.028845222312321117,0.4113215575688237,-0.03924926647124432,-0.3278934152769777,-0.2024531094339796,0.14084620497219627,0.4731479971821986,0.9215428521098936,0.33791622208988426,-0.004699627005498372,0.4731479971821986
windChillC_Rmean=12,-0.3731868353798389,-0.09945542684879824,0.9346164030701968,0.1508624927172237,0.0781174961969808,-0.8423336272279675,0.04755821904997856,-0.002838496523109251,-0.16952232085739485,0.8938535916737059,0.29154384691593643,0.9346123074607412,0.046906872230741546,0.8938535916737059
windGustMiles_Rmean=12,-0.03709026855902245,0.026933013978324358,-0.2379955421688136,0.8983397468806921,0.4651629773145186,0.26838974046708897,-0.3695179018436725,-0.4316638041843897,0.3825860670858341,-0.25184701702699325,-0.1200699028120608,-0.2372264659235472,0.9570577939295912,-0.25184701702699325
feelsLikeC_Rmean=12,-0.3878124512783124,-0.10068261986688024,0.9298186180684684,0.15454187212052786,0.14805832517427994,-0.7934058698866773,-0.02718821842012052,-0.0560399187820034,-0.10891423187454596,0.9308354003097596,0.44190438319088265,0.929844382085372,0.04806944320086605,0.9308354003097596
tempC_Rmean=24,-0.10106231000543456,-0.05131152093726057,0.2365485002951541,0.0814571063069137,0.16722585444204213,-0.20435389764593206,-0.04268804006438573,0.05810046649258305,-0.16044453501698475,0.15444772046483254,-0.07800885056759292,0.23614301817243524,0.13625005084416714,0.15444772046483254
windspeedMiles_Rmean=24,0.10541736151500077,0.05305168187853768,-0.5073741513439257,0.5789012748040379,0.26285074347973625,0.5079023180373196,-0.19794711561648268,-0.3489988408744518,0.2468877497864238,-0.5102919772137655,-0.18892344051122115,-0.5066482943948813,0.6398043222169759,-0.5102919772137655
precipMM_Rmean=24,0.16183204804034654,0.022876601822601976,-0.4431362537517936,0.17048832784083062,0.646724588871583,0.5937552492728,-0.4252817152919921,-0.3804507538717563,0.4750676577518124,-0.3712679272166427,0.18710047562718465,-0.4426990135801924,0.2893170255802304,-0.3712679272166427
humidity_Rmean=24,0.12734516927287293,0.05385475576793843,-0.3003627220351027,-0.049225625978357085,-0.004031691060545613,0.3624072170177704,-0.07064734388345989,-0.13944199936621707,0.2375589634497673,-0.19011873644680216,0.21932508660896066,-0.3000998815338541,-0.08378468324049977,-0.19011873644680216
visibility_Rmean=24,-0.08823635371874351,-0.04749314874776231,0.461189612092535,-0.15714814995919316,-0.44845997365311396,-0.5531872210397396,0.4040003107605185,0.2119129111180829,-0.38312505444402667,0.4109807761908963,-0.06162092014465865,0.4606119525606057,-0.2510495656801139,0.4109807761908963
pressure_Rmean=24,-0.07270212337682833,-0.0015943180170291155,0.17563453989822614,-0.4447746478308974,-0.4426350308207902,-0.26401102891996503,0.19860532210296108,0.9270325554673968,-0.4494261722881021,0.135496221530443,-0.14067472581263255,0.17508406996881154,-0.4635599171604826,0.135496221530443
cloudcover_Rmean=24,0.08961240374961851,-0.002643670161171995,-0.3630276691526414,0.3294135069408873,0.5090628299290334,0.4284714154460212,-0.37440519227714497,-0.4051157828420545,0.6994740670329632,-0.3103590367554824,0.08100011949133012,-0.36244099808504665,0.4036077766029056,-0.3103590367554824
heatIndexC_Rmean=24,-0.12091951739990335,-0.06038109100479524,0.2417986896378151,0.12902938818138968,0.2595420391142048,-0.16571839953928533,-0.13267336153069553,-0.0005355771700180351,-0.0781461588055222,0.18110202649672208,0.019825804321422245,0.2414305191321405,0.18561713594972948,0.18110202649672208
dewPointC_Rmean=24,-0.026036477024855467,-0.014542023794210459,-0.0070777936609775684,0.09702256500151292,0.45990672946986,0.2227393292417996,-0.3800074899790008,-0.2113862859669836,0.2252351183362737,0.07342859289346787,0.4389350072780672,-0.007461657315151084,0.14084658469415126,0.07342859289346787
windChillC_Rmean=24,-0.1010429468693596,-0.051113656741280065,0.236248129715831,0.08202040995182229,0.1677566435721427,-0.2038270698431264,-0.043194360966796214,0.05764924394413005,-0.15982621219888682,0.1541887127736812,-0.07788185238480629,0.2358568024577031,0.13689713605803194,0.1541887127736812
windGustMiles_Rmean=24,0.15787916762788126,0.06198489532442907,-0.5954546177622937,0.4968003878203307,0.25296460004878474,0.5893357170955394,-0.19597644583890805,-0.31957675795671925,0.2753376912358545,-0.5868683746490053,-0.19559593267014905,-0.5947423492005383,0.5708034606658844,-0.5868683746490053
feelsLikeC_Rmean=24,-0.12091951739990335,-0.06038109100479524,0.2417986896378151,0.12902938818138968,0.2595420391142048,-0.16571839953928533,-0.13267336153069553,-0.0005355771700180351,-0.0781461588055222,0.18110202649672208,0.019825804321422245,0.2414305191321405,0.18561713594972948,0.18110202649672208
tempC_Rmean=32,0.16667186908075887,-0.0019376607120768702,-0.2495254784166161,-0.20530449489821567,-0.007312022424506605,0.21443451591408533,0.10000553053192912,0.1602212099870393,-0.2407811186523104,-0.3357842801135553,-0.2932580655073592,-0.2501642290243853,-0.08700502023110318,-0.3357842801135553
windspeedMiles_Rmean=32,0.19849355751625952,0.08167635327992986,-0.593459226639284,0.3500346447846877,0.11428326681737268,0.580950840404589,-0.07284977049676647,-0.31269219843722384,0.20953278188345145,-0.5683177396400696,-0.17381052899968555,-0.5928378016137142,0.40058754844935296,-0.5683177396400696
precipMM_Rmean=32,0.18172779059825275,0.03868828487154266,-0.42301225951463467,0.07017796495660156,0.4769788594990066,0.5531683318087018,-0.2850526085614761,-0.3545983633069417,0.4252026264261212,-0.33938625476663725,0.19223532368512256,-0.4222872928775237,0.15668370401014522,-0.33938625476663725
humidity_Rmean=32,-0.11717726258242435,0.00669815953948689,0.1494220099880477,0.2059219993505432,0.13647874195330018,-0.045431147985727234,-0.18850132684501997,-0.2327180254788781,0.30770051857511777,0.261352289820355,0.3958779044024721,0.14993087558631585,0.11159793524667247,0.261352289820355
visibility_Rmean=32,-0.14315794435024082,-0.07665848500660699,0.4493981520252508,-0.034585390968486465,-0.3262475569397719,-0.5422934530662112,0.2796205163320717,0.21096602097068792,-0.3661642620160772,0.3701699894946805,-0.15243681667794232,0.4487489716805048,-0.09977469832898253,0.3701699894946805
pressure_Rmean=32,-0.13836887030083594,-0.017692795216228664,0.24454033522881624,-0.3984240903199605,-0.4024469057616261,-0.3174887127983075,0.1674305848975933,0.9117373983886145,-0.4378645906238043,0.19632608512154612,-0.11176099968044552,0.2440310487277825,-0.42145453268889693,0.19632608512154612
cloudcover_Rmean=32,0.10407022488851292,0.034510097369507116,-0.3737288560621057,0.2855384177233813,0.4297629139590774,0.43933237828563104,-0.3240670283960546,-0.3938740766434953,0.5820144260874744,-0.3088572834009853,0.09854905439416194,-0.37306604928725423,0.34517627009212154,-0.3088572834009853
heatIndexC_Rmean=32,0.17079670634849053,-0.01046542435218337,-0.2851969962733089,-0.1463660907799044,0.08974808082097087,0.2859109156365593,0.005701197731204442,0.10059045001085744,-0.15529331631034618,-0.3571129314575255,-0.2364932546459241,-0.2858087943521846,-0.018329878869087008,-0.3571129314575255
dewPointC_Rmean=32,0.12763184957468066,-0.0015525019754942645,-0.2665390039293584,0.030735725689149687,0.3723109734400511,0.42204057575970266,-0.3177495648419741,-0.1853391548347421,0.21513030996188826,-0.21302563240981173,0.20261927481245348,-0.2670813969048662,0.11137990978136343,-0.21302563240981173
windChillC_Rmean=32,0.16681130659876814,-0.001957037802093993,-0.2500341450439993,-0.20490087186695252,-0.006955920960856174,0.2150657055630676,0.09958945052411004,0.159873346484558,-0.2402302948325924,-0.3362690692853461,-0.2934058813012715,-0.2506715584906562,-0.08649314417197605,-0.3362690692853461
windGustMiles_Rmean=32,0.2066179420979516,0.0803343733146603,-0.5860404631000847,0.299698505388227,0.1008802666220828,0.5747076420905047,-0.06766788561469306,-0.2981008320561401,0.2365387151411249,-0.5451817024912762,-0.13461337589890107,-0.5853635561206477,0.3436561959710207,-0.5451817024912762
feelsLikeC_Rmean=32,0.17079670634849053,-0.01046542435218337,-0.2851969962733089,-0.1463660907799044,0.08974808082097087,0.2859109156365593,0.005701197731204442,0.10059045001085744,-0.15529331631034618,-0.3571129314575255,-0.2364932546459241,-0.2858087943521846,-0.018329878869087008,-0.3571129314575255
tempC_Rmean=48,0.3246145069908929,0.03343199278102185,-0.1940146831005857,-0.6339109365387138,-0.4068428851153726,0.09246638934844156,0.4504255400385681,0.2558314583212026,-0.3828437919779619,-0.2305214632598933,-0.2408004271726499,-0.1946134008385668,-0.6090889994633419,-0.2305214632598933
windspeedMiles_Rmean=48,0.06122172216093065,0.04156793954987048,-0.1897508147725329,0.35471044732806056,0.03894376831833846,0.2027192707898043,0.0013856583458476404,-0.3538447128492994,0.24077001184166744,-0.13379468892353613,0.021685807895490253,-0.1892292590732412,0.31739140239777663,-0.13379468892353613
precipMM_Rmean=48,0.06081662677062893,0.03050673380849834,-0.0995967833474331,0.16735957521264486,0.4469786756976734,0.2393902495868553,-0.2842321993149336,-0.4173281815277469,0.43795737515388417,0.006881040246040135,0.3592191223879098,-0.0985770518115104,0.1854482755149656,0.006881040246040135
humidity_Rmean=48,-0.2832474625223286,-0.040174767094066685,0.16170049148031496,0.5925216677440158,0.5191762848342486,0.000817327942668712,-0.5274456890436113,-0.31551803573300824,0.4429591831012376,0.22641455137684025,0.3764024324072688,0.16238580475871886,0.5744039059627917,0.22641455137684025
visibility_Rmean=48,-0.06593985537015995,-0.03340202752887253,0.1067339687204162,-0.11186851460142024,-0.3451862311090775,-0.21768767595999505,0.22527589826594466,0.31357735300492434,-0.3894563309136662,0.005214135669439739,-0.3149941152048369,0.10589220898019136,-0.12164994259566328,0.005214135669439739
pressure_Rmean=48,-0.11277261757231018,-0.016371116412488153,0.1672612644217219,-0.3724214605143897,-0.34313490615351844,-0.2413354543243949,0.11449626060052755,0.8922587234852405,-0.4140065278952687,0.10699016714271596,-0.15942964390160985,0.16674950139932573,-0.3725833832618886,0.10699016714271596
cloudcover_Rmean=48,0.030170493415832125,0.07881193406498717,-0.267040145753755,0.29068657019817645,0.3748585818797271,0.3520557806663297,-0.31806435719127435,-0.4125336789794105,0.5399252437764622,-0.17933122016710426,0.1908823977726974,-0.26625711447600897,0.3195556105439889,-0.17933122016710426
heatIndexC_Rmean=48,0.3577510571686448,0.03520022476949088,-0.29289686903817963,-0.6163207325710977,-0.34187821978598376,0.21627802390776146,0.3841614110712533,0.2103139385648674,-0.3213587581491173,-0.3129225436731527,-0.18849611728627835,-0.29348116006660885,-0.5774368160286593,-0.3129225436731527
dewPointC_Rmean=48,0.1966459547528701,0.004430779825018533,-0.2874725209329768,-0.11832939881364285,0.21691689775115616,0.3868945837345503,-0.18865400437963065,-0.14375012316302588,0.16580144931690555,-0.2238794653220709,0.20664540075875504,-0.2875426446435191,-0.07537205509219785,-0.2238794653220709
windChillC_Rmean=48,0.3248581533830166,0.033318255519671165,-0.1943243930004222,-0.6337220917223206,-0.4068744748323031,0.0927211620120692,0.4503523158792911,0.2557624594280189,-0.3824713742163096,-0.2308154094262604,-0.2411074736815526,-0.19492361694286967,-0.6088808097320647,-0.2308154094262604
windGustMiles_Rmean=48,0.004741733086375125,0.035293713631423036,-0.09587453026973483,0.3882727394916117,0.08753319682601547,0.1297246806184359,-0.04400946344253765,-0.3631275130954729,0.2850856284414453,-0.03002165345966925,0.09870797144274576,-0.09521393061144996,0.34156449284597823,-0.03002165345966925
feelsLikeC_Rmean=48,0.3577510571686448,0.03520022476949088,-0.29289686903817963,-0.6163207325710977,-0.34187821978598376,0.21627802390776146,0.3841614110712533,0.2103139385648674,-0.3213587581491173,-0.3129225436731527,-0.18849611728627835,-0.29348116006660885,-0.5774368160286593,-0.3129225436731527
tempC_Rmean=96,0.047476147758113936,0.002610160965581457,0.3382108164108325,-0.32334567087723515,-0.10220544404642624,-0.3773210190650729,0.2688597979619609,0.07614877177458082,-0.30747346688866856,0.2783350566588447,-0.07341667358860329,0.3379997458716617,-0.332003218533182,0.2783350566588447
windspeedMiles_Rmean=96,0.005802600399558586,0.011349994804296878,-0.18440298302925184,0.446958802270664,0.172822169960844,0.21139756826133155,-0.10877938760481083,-0.30976721842847266,0.24870771020906626,-0.15587608619058832,-0.01970907316529677,-0.18412891349736515,0.4542247590934845,-0.15587608619058832
precipMM_Rmean=96,0.02522489479567,-0.016622278117265174,-0.16968729396359408,0.21855182467566572,0.4588803531298272,0.29482501633410585,-0.30103368974078765,-0.3866937026970941,0.43136266566940623,-0.08703191213587111,0.27961368728752856,-0.1689324419217533,0.2696327216774882,-0.08703191213587111
humidity_Rmean=96,-0.0233228206810706,-0.024366627268138263,-0.3411665757101826,0.2493626803359051,0.2584667618038517,0.4557281372791714,-0.3976365641952507,-0.13798081249861852,0.365994712765651,-0.24729317080967594,0.2693089985132628,-0.34089901400321765,0.2764885293076611,-0.24729317080967594
visibility_Rmean=96,-0.05200570123136521,0.012302157021633741,0.15246360197558045,-0.20704723881097725,-0.34945764682786906,-0.2417395551075907,0.21021773459634369,0.2912338554045249,-0.3474971889052819,0.08908228239783515,-0.18839825816595732,0.15174400352410913,-0.2475575003167191,0.08908228239783515
