0,statusN_Rmean=4,statusS_Rmean=4,tempC_Rmean=4,windspeedMiles_Rmean=4,precipMM_Rmean=4,humidity_Rmean=4,visibility_Rmean=4,pressure_Rmean=4,cloudcover_Rmean=4,heatIndexC_Rmean=4,dewPointC_Rmean=4,windChillC_Rmean=4,windGustMiles_Rmean=4,feelsLikeC_Rmean=4,Expanding Mean 4 statusN,Expanding Mean 4 statusS,Expanding Mean 4 tempC,Expanding Mean 4 windspeedMiles,Expanding Mean 4 precipMM,Expanding Mean 4 humidity,Expanding Mean 4 visibility,Expanding Mean 4 pressure,Expanding Mean 4 cloudcover,Expanding Mean 4 heatIndexC,Expanding Mean 4 dewPointC,Expanding Mean 4 windChillC
statusN,0.7830107950286105,0.09771985489706343,-0.3636127548031633,-0.0998821229586388,-0.006622460102875796,0.3099205071740779,0.07360488293152767,-0.031443043376218026,0.039552723507694384,-0.3725177627805613,-0.23396952307243365,-0.3636016447414547,-0.04670627511647047,-0.3725177627805613,0.9787879587754138,0.10803510673580333,-0.3578665375553243,-0.12277086257620608,-0.03741988762924052,0.3027154946715832,0.04700997778683262,-0.046673868403074935,0.028434283870717506,-0.3629846980632348,-0.2283812545907739,-0.3580558464272409
statusS,0.10648118477051942,0.870895888297759,-0.10470713391996507,0.0037024741690958813,0.009523414487722587,0.0862009097261602,-0.03787517427434365,0.008655729666207444,-0.016858351857790155,-0.10527887224408834,-0.060615803928900036,-0.10448933914888096,0.021177515010275955,-0.10527887224408834,0.11144594724161773,0.9878491591465008,-0.10298369006713667,0.005380393039766653,0.011111972841675564,0.08546364226961961,-0.024524752192563032,0.005835198332315585,-0.015565047776655053,-0.10237654237163174,-0.0607181825817063,-0.1029899171988683
tempC,-0.3206352083503389,-0.09311500609296997,0.9573271190300472,-0.03634938921372543,-0.13754417092335486,-0.8958774348738101,0.22921620873022924,0.0242516372719867,-0.2418870094799376,0.9492175409702164,0.3447717297850931,0.9572759978529872,-0.1960489792745987,0.9492175409702164,-0.3540040505230029,-0.10072075487585863,0.9987027328782478,0.05491008053407298,-0.05165080991485718,-0.9150188347933441,0.08172866358505909,0.005220138042961585,-0.21204318709044945,0.9737718370705398,0.34490615909853123,0.9986117046206676
windspeedMiles,-0.13469414249748307,0.007003269533615959,0.13420158420618716,0.9691210076050448,0.3909766423328671,-0.09737914880848572,-0.2831906553921099,-0.4922858205797028,0.3663558343826859,0.1355536600247472,0.013383982795234908,0.1350738459246514,0.9168057069254544,0.1355536600247472,-0.12745765992439004,0.005472265526392972,0.0713007640399881,0.9997324796011368,0.4127026083094635,-0.03638393472261179,-0.3406910387679652,-0.4838151202896456,0.35852741602155325,0.0621508565641742,-0.02427735827337799,0.07213348406045167
precipMM,-0.06908846867389327,0.014849430836690512,0.04569354332976894,0.4202364393548224,0.9598065624645568,0.1338742608726613,-0.669096654824126,-0.4549507866105702,0.5867816495858937,0.11657193398809525,0.3823467518299221,0.04635058274889877,0.4782637152438341,0.11657193398809525,-0.04657903269534437,0.011648378201558087,-0.030732609173143795,0.4151829987431111,0.9992878382521492,0.20913067539569305,-0.7976121291644019,-0.44573956601530257,0.583738987471915,0.03504163914473553,0.3416216379144997,-0.030121901379612875
humidity,0.26241464119118835,0.07635729781618719,-0.8678675341319141,0.06718582910116895,0.31680182142075675,0.9667246390195084,-0.3600260673637321,-0.13264464956411626,0.30828828673653424,-0.8189295618729109,-0.052909650719841474,-0.8676535344594822,0.2260317483469997,-0.8189295618729109,0.29578549687253003,0.08289842008048652,-0.911252657931218,-0.017690261342944682,0.2334603979739018,0.9984634049239705,-0.24446994558255744,-0.1093985722139754,0.28009282765327925,-0.8505907943713852,-0.0574882315148884,-0.9111235149245398
visibility,0.06451632716821062,-0.0306200817491166,0.007995870739362069,-0.3456808427851543,-0.7770234603026095,-0.1655799893099036,0.8018863337925839,0.3383863193399773,-0.4654127706910674,-0.0583354804840159,-0.3190678999021693,0.0073242769395689316,-0.4046160818428807,-0.0583354804840159,0.05250369732068212,-0.02560613016071908,0.0694718774366585,-0.3417178305640595,-0.7975765507560605,-0.2291413710817474,0.9997513271812656,0.3328051626211746,-0.4603400433728725,0.006792543475072686,-0.2945564096076232,0.06886540554708533
pressure,-0.06251722670453219,0.0033904315993008127,-0.0029600236656337872,-0.4732197246368015,-0.4308752971935105,-0.0906122843726829,0.17743936825825685,0.9896358110033372,-0.4404612480065969,-0.06277063330036718,-0.2048458301019827,-0.003485246027696481,-0.4452165188290176,-0.06277063330036718,-0.05020150838395508,0.005327837252059349,0.00092758998307629,-0.4827047565392017,-0.4437946730548623,-0.10475315002152094,0.3317423104166428,0.9999693432393512,-0.44314159927060903,-0.04945050417062477,-0.20840398554428785,0.00043500842956997553
cloudcover,0.010242674613962078,-0.018001161332941086,-0.17901772486152606,0.3385407943310362,0.568330336535755,0.24525667728174635,-0.4055373455381882,-0.44634206739170657,0.9769210283168586,-0.11644679751913765,0.12482096162579492,-0.17830682685401775,0.3859360244277135,-0.11644679751913765,0.021669601588596918,-0.01517883953844693,-0.2007525530387642,0.3555689215420518,0.5813301676706802,0.2690062865127135,-0.4591231152526385,-0.4437693703538431,0.9989249718133892,-0.14649656721745033,0.10379199386561523,-0.20005678447229025
heatIndexC,-0.315175882385687,-0.0905637950056747,0.9223229518080258,-0.055513313834894135,-0.07817009081770858,-0.8229902733387962,0.16298182744358855,-0.0232394600427493,-0.19030274373068184,0.9570569191842014,0.4851696955049292,0.9223286747467332,-0.2116000551843736,0.9570569191842014,-0.3551656084661582,-0.09966386081852778,0.9706948627810774,0.04345185511005759,0.011497790925445388,-0.8514194796603165,0.021112578876875208,-0.04572151503896285,-0.15869890215949406,0.998278409679902,0.4943456221019448,0.970747339064422
dewPointC,-0.20277718193671004,-0.05272808926503601,0.31110931813928405,-0.06976051517673752,0.2991054556710809,-0.03996397572749359,-0.2514391429590667,-0.2101753258996142,0.09021079328711314,0.4557649814027381,0.9297792885924968,0.31133340971775425,-0.10797383012967113,0.4557649814027381,-0.2258158084580748,-0.05951794328404851,0.34280143788023937,-0.02715546006381064,0.337163019605717,-0.05593320620473943,-0.2928250485202962,-0.20867339620216088,0.10028511000711343,0.49215426678072,0.999775320409752,0.34310616912098674
windChillC,-0.32078087282297024,-0.09307850513661163,0.9573126917537677,-0.0355380604335815,-0.1370435862082556,-0.8958101961895485,0.22870532408097344,0.02374873597342605,-0.2412126538573268,0.9492972712816772,0.3449303404270148,0.95731689732527,-0.19526624108181986,0.9492972712816772,-0.3542038543879032,-0.10073921403230096,0.9986040369518489,0.05574425392124923,-0.05104565555783519,-0.9149079162320672,0.08112361301339921,0.004726813680957421,-0.2113409033045374,0.9738322924923286,0.34519057658055546,0.9987040125379646
windGustMiles,-0.09017767367289184,0.02179514745722775,0.01523921310952856,0.962115972623452,0.4878210824241821,0.024542423648846283,-0.36948099664061657,-0.4829147269395162,0.4306777167236579,0.015395681552123562,-0.022554874326880792,0.016033679703565732,0.9706557358646056,0.015395681552123562,-0.07604941476119324,0.02042521811378124,-0.0709770472554537,0.9621764775961876,0.4951963601383332,0.1047665489086938,-0.417276061141795,-0.4672587698074955,0.4167302599287235,-0.07982602480378047,-0.06744503912965268,-0.0701851050175302
feelsLikeC,-0.315175882385687,-0.0905637950056747,0.9223229518080258,-0.055513313834894135,-0.07817009081770858,-0.8229902733387962,0.16298182744358855,-0.0232394600427493,-0.19030274373068184,0.9570569191842014,0.4851696955049292,0.9223286747467332,-0.2116000551843736,0.9570569191842014,-0.3551656084661582,-0.09966386081852778,0.9706948627810774,0.04345185511005759,0.011497790925445388,-0.8514194796603165,0.021112578876875208,-0.04572151503896285,-0.15869890215949406,0.998278409679902,0.4943456221019448,0.970747339064422
statusN_Rmean=2,0.8720607699915441,0.10453685617750297,-0.3664893544287681,-0.10721659946141897,-0.01800776326434592,0.31055586971843796,0.08034227193033906,-0.03635837874754078,0.035007295629661365,-0.3722948927851934,-0.2360642670218876,-0.3665374235459937,-0.05514170524500895,-0.3722948927851934,0.9792611489265862,0.10895979419524307,-0.35087611626650284,-0.1272515501171727,-0.04722077393135752,0.2950646541177486,0.05260053400252978,-0.0525820172887177,0.02291325003337221,-0.35319638349231725,-0.22268283868909625,-0.3510817547544122
statusS_Rmean=2,0.10962644572597513,0.9240575809655104,-0.10449091595917323,0.004213405608582946,0.00990054309949219,0.08675533991701084,-0.03923986906253737,0.008320828419963065,-0.015456319628318631,-0.10458024768913428,-0.06166479396209891,-0.10435445489753044,0.02190687300268257,-0.10458024768913428,0.1093780389542294,0.986426116323991,-0.10094474505771374,0.005970127507812592,0.012323644031519964,0.0836603613689119,-0.026769725653512908,0.004971052971107645,-0.01580653507045065,-0.09975094498601557,-0.05902625222685137,-0.10096606351125653
statusN_Rmean=3,0.9537828819471326,0.10889623476359124,-0.3666997695409552,-0.11413391597169575,-0.028996100340279482,0.3088587811542144,0.08718675468095623,-0.041369430578781466,0.03083472838417825,-0.3693853772553404,-0.2365741477679835,-0.3667963043071527,-0.06276502785159062,-0.3693853772553404,0.9124466351676064,0.10730058632407967,-0.34000999047291064,-0.13141335289078074,-0.057423951807567465,0.2841064960909562,0.05833369052490635,-0.058144904185323434,0.017398774597868826,-0.33991858104325984,-0.2148959747701364,-0.3401982151332953
statusS_Rmean=3,0.11237460231203818,0.971193387152009,-0.1033934775450821,0.00463090408648713,0.011470815126952643,0.08684792151113535,-0.0409029588027103,0.007543027168292544,-0.014668755353991874,-0.10294954645475232,-0.06139898739561719,-0.10330052604034196,0.02257115285918474,-0.10294954645475232,0.10708050702910198,0.9476775968965674,-0.09799117248236126,0.006571333523247597,0.014322873690153068,0.08146332939037176,-0.029697003713193136,0.003890215474970092,-0.016654370272109184,-0.0964408254793166,-0.0562151924176011,-0.09798707061563527
statusN_Rmean=4,1.0,0.11199730116567527,-0.3636815140585781,-0.12003826339016352,-0.03989849699408973,0.3042747962536376,0.09491153206134366,-0.04623050453103664,0.026094194810907263,-0.3632731415122121,-0.2336136250115766,-0.3638506888656156,-0.06960664501642501,-0.3632731415122121,0.8298219515594387,0.10578617486822764,-0.325486053304452,-0.13467785702827706,-0.0673217544489647,0.2704017408038201,0.06417306650570763,-0.06210920255794095,0.012501847634085204,-0.3231913143140932,-0.20386821023558396,-0.3256457939065291
statusS_Rmean=4,0.11199730116567527,1.0,-0.10161232398220328,0.004833775019314285,0.012453156295573241,0.08585095891606488,-0.04221843259235883,0.007232401892946769,-0.014716449976189806,-0.10074286571763892,-0.060590582354231926,-0.10158624484216064,0.022815716961461268,-0.10074286571763892,0.10166227042795838,0.8973346988153208,-0.094056722143356,0.0069381480417061644,0.014484366412878513,0.07819240065018987,-0.030709922095346568,0.003416500019400301,-0.01759442240233671,-0.0920705555885162,-0.053000433874621146,-0.09402786224672807
statusN_Rmean=8,0.7409043752420373,0.10421336573865704,-0.3030624652803847,-0.13798841465078762,-0.08215574548127942,0.2456469382201873,0.12182004126409955,-0.062133300276669814,0.006810584495655928,-0.2922249643537195,-0.18950287644196145,-0.3031845174751711,-0.10014126975917212,-0.2922249643537195,0.5679674348066484,0.08260440145321693,-0.2195019150118124,-0.1383994379359939,-0.10346248810476184,0.1764231394571831,0.08969013609745985,-0.06638499867675536,-0.0025909274424939024,-0.20752459691822167,-0.12129318865246234,-0.21964044213803194
statusS_Rmean=8,0.09150668685137886,0.8141185803854583,-0.0855522968848398,0.008973488242654572,0.017256805052209338,0.07260417334988102,-0.05347011341381645,0.003204658858266232,-0.017486117211033703,-0.08293357780705653,-0.04757854408934762,-0.0854975392116141,0.025648359407841742,-0.08293357780705653,0.0652785039816432,0.6580354848390347,-0.06851619643532629,0.012921684849845865,0.01765497841119176,0.056784517908431524,-0.04207886277504192,0.0006177320729948009,-0.02076577720546292,-0.06521909315604164,-0.03324669462390729,-0.06844116202664018
statusN_Rmean=12,0.5238794486960981,0.07228944925870671,-0.1719919258014241,-0.13558474606043508,-0.11385053843265673,0.1315841067614517,0.14193020523195954,-0.06380655469398519,-0.0015163069397146846,-0.15182515376186992,-0.08862653236149869,-0.1721019512057129,-0.12667818673710954,-0.15182515376186992,0.3690207129718378,0.03886866149013152,-0.059671362621223314,-0.11766675622366447,-0.11811362420454966,0.03880851631146117,0.10057248723961534,-0.06173025207607584,-0.002711078409579456,-0.04051407213225383,-0.004260706112920178,-0.05971621307229074
statusS_Rmean=12,0.05163956600596728,0.5650560466068608,-0.05559302581881132,0.014688390738658769,0.01926495646111649,0.04694326651395381,-0.06656395663698374,0.0011249443054480233,-0.02004621139749327,-0.05206959628328986,-0.02505165725157367,-0.05550905005032855,0.025966941613045167,-0.05206959628328986,0.02070009852976221,0.4232194357958213,-0.0352712319305381,0.019540584675567442,0.02046926694768765,0.026646103018235636,-0.05199614782987647,0.0005089654981132237,-0.019565918148800068,-0.03073542565291787,-0.007147022929734423,-0.035036641604470245
statusN_Rmean=24,0.0886562348368022,-0.05751645023315315,0.3081547236698352,0.03942371455434045,-0.02490544010840304,-0.2931866785673328,0.0688701535726558,-0.09192418807665216,0.04381271814622233,0.3320007029577149,0.16319386951516976,0.3084200920957037,-0.030109609415548893,0.3320007029577149,0.02588477949488513,-0.0738312015324006,0.3702714739237269,0.10050667128218856,0.02395629815031132,-0.34736054649947323,-0.01612648266189014,-0.11416876836270005,0.059351233489929524,0.38892885797023935,0.1811516090122189,0.3706922396820979
statusS_Rmean=24,0.013132323827903348,0.14709502435419247,0.008176049365118345,0.058058463342605414,0.030652223718846405,-0.019232400595666683,-0.0714398446711921,-0.005190496218026251,0.015689322406962133,0.013392137414677594,0.006187871074628547,0.008721742507259076,0.056280135483107466,0.013392137414677594,0.02041906816155231,0.1016087716134057,0.01240074255984186,0.06415394819644914,0.03297252753125665,-0.02726421513730701,-0.04484902536412786,-0.007403297284353606,0.022006835540276604,0.017429149078484432,-0.0012310085632033798,0.012993617908452857
statusN_Rmean=32,-0.05361958546402201,-0.08024315534434978,0.4188532923928729,0.21226244674231576,0.12534443405019233,-0.3871535288946537,-0.06314274780555465,-0.16207131483573226,0.0854198889733074,0.4372581520202747,0.2041699468490005,0.4193982772176521,0.14529523681865802,0.4372581520202747,-0.07424050766620241,-0.08110171638312155,0.3991982842424943,0.25687900331346325,0.16946349772847508,-0.3642307848240319,-0.1493787344169495,-0.18111534591864192,0.09302798843628167,0.4122699784633844,0.19200319562583576,0.3997895089781113
statusS_Rmean=32,0.03919249689631149,0.06777945990159746,-0.0022164173182893654,0.07568632180964073,0.039808914368252485,-0.00935270799530372,-0.06660193350764745,-0.008823697794711653,0.04169741169718948,-0.0023078828858806057,-0.017252001205496918,-0.0015475903223188627,0.08052053112722721,-0.0023078828858806057,0.03990437536549248,0.048343687242007424,-0.008699172734132008,0.07717048975699835,0.04077482440018102,-0.005529421858159639,-0.04109345941604492,-0.006553107632641585,0.04214454787737527,-0.009409373738529576,-0.025464381884424025,-0.008086644903807116
statusN_Rmean=48,-0.025494572923419768,-0.07742380258262617,0.004768974934732795,0.238112054399392,0.2212429327274472,0.027933450114715846,-0.13020237264031626,-0.1444506360961017,0.08244318737192456,-0.013714081433694212,0.0015400939217354922,0.005335551900766602,0.26856696866335433,-0.013714081433694212,0.023629719968215643,-0.06680188049492983,-0.0990356268614998,0.18815698409655665,0.19262478816980894,0.11618257092768075,-0.15705725635490325,-0.12427468297609676,0.07019737542730077,-0.11885808036196635,-0.05392335905329208,-0.098493724448197
statusS_Rmean=48,0.0748810471778165,-0.011138365913137046,-0.06936542594822086,0.06493564999420103,0.010796423929724026,0.06000502543288861,-0.0515082557425052,0.0010750178956852807,0.00814521581849933,-0.06991756292069813,-0.05181577692413501,-0.0686195663729876,0.07887276542888859,-0.06991756292069813,0.06821475065449527,-0.034080460570746644,-0.07728641074037436,0.06125391721719809,0.005735522535982699,0.06682868285597462,-0.02994997282726952,-0.0007177707485926586,-0.0007929410774993355,-0.07335111881649738,-0.04786566713477435,-0.0765408691803206
statusN_Rmean=96,0.05411610978554061,-0.017545476363837468,0.013748838551939565,0.14768300847059676,0.08549045233572576,-0.015038271251937803,0.017953432698133372,-0.18976273248565545,0.0345333374186702,0.013213792716720948,-0.0128563567135469,0.01428738436115285,0.13571043286669862,0.013213792716720948,0.03756060950150199,-0.02182644763533988,0.01647099148352039,0.14253148467265986,0.08700019104889369,-0.015665420374786774,-0.0464356065490101,-0.18929768886825613,0.029694049651605207,0.01082867146081298,-0.010618004601061135,0.016987411343319957
statusS_Rmean=96,0.07014579534881422,-0.0192912767735459,-0.07558693111509245,0.04198701095388548,0.014154167805633637,0.0797713556443724,-0.06780511193601861,0.013108952794847849,0.023546254627554688,-0.08057294166636925,-0.045497017637404366,-0.07527812867468077,0.05872881230693393,-0.08057294166636925,0.07319917385989581,-0.015498173616931038,-0.0837846960903528,0.0403828576054585,0.011750349825071251,0.08241432833839057,3.450063010557433e-05,0.011787009420081544,0.01954064988185721,-0.08482764725800197,-0.046940664439020716,-0.08351069103273555
tempC_Rmean=2,-0.3384652216854789,-0.09688061855819603,0.979743924232526,-0.0014662628382890665,-0.10416289636366463,-0.9087320047118664,0.2042410292891464,0.017890395843828233,-0.23023057480679715,0.9659799289274816,0.35064351315878844,0.9796871121305756,-0.1579223933879219,0.9659799289274816,-0.36161605879950004,-0.10239773894766127,0.9956942301315116,0.08341091246305883,-0.019872981444017303,-0.9100634143788708,0.05657929419814499,0.0005159236307559109,-0.20136786404646145,0.9680548143296668,0.3372541371616158,0.995603871301788
windspeedMiles_Rmean=2,-0.12869925707338464,0.0004662666527725829,0.11758704388034515,0.9830998839389742,0.40576286911398535,-0.0830678745730478,-0.2776785724378817,-0.4905127735754752,0.3662113031352969,0.11449056707810447,-0.0033603797511146893,0.11846467301921433,0.935090905246042,0.11449056707810447,-0.11885366916915625,-0.0009231661985437576,0.04748361456017857,0.9917070208604888,0.4215521825518476,-0.015821046525045842,-0.34777149553522274,-0.4790445269201756,0.3552633309953708,0.0341987593017096,-0.04130474960751351,0.048309256521995456
precipMM_Rmean=2,-0.07892100303740276,0.019962168839209742,-0.01451616715988015,0.4239338388986439,0.9486333509602078,0.18311338957884046,-0.7444640624363584,-0.3852998908064721,0.5793853586944123,0.0517590661710483,0.3454095288800857,-0.013886237637668662,0.4966234080773122,0.0517590661710483,-0.05633049195623128,0.014643448076103726,-0.1002858853868139,0.4176293651043531,0.9664623081389468,0.26306755219223404,-0.7730509752948399,-0.3737366197658925,0.5732467226424401,-0.0359973430187602,0.3028874848095599,-0.0997169310108582
humidity_Rmean=2,0.2800291497855657,0.08007018818117585,-0.8890993662197424,0.033242976190994734,0.28537241052602697,0.9848217044191264,-0.33511725900167644,-0.12386492567157514,0.29695328811301697,-0.8365942778538233,-0.05678266429022046,-0.8889164195144788,0.1899126288081316,-0.8365942778538233,0.3042510015347121,0.08397118781482524,-0.9142883732099656,-0.046652352797864886,0.2023284109919227,0.9982621101671776,-0.2186053042334479,-0.10265062445255756,0.26890684092686984,-0.8505512301479332,-0.05390035999842977,-0.9141835067759276
visibility_Rmean=2,0.0030826275785185765,-0.002790213864376865,-0.04821924669618671,-0.3334377544486639,-0.7416079246199923,-0.08902363748255812,0.5319497113690772,0.4284106920289609,-0.4210837573354945,-0.09913858024427534,-0.2460591728037053,-0.048845516525885306,-0.3691521409385316,-0.09913858024427534,-0.010285011285684226,0.0015320588222057484,-0.0034745260526004395,-0.312017275704305,-0.7413927329478472,-0.14335517311094415,0.8573561794605524,0.42086587712757817,-0.4154420991808633,-0.04179153315782325,-0.2236805531881753,-0.004049655862827934
pressure_Rmean=2,-0.05731658067496606,0.0045557843495623715,0.0013627258654612061,-0.4799099377230889,-0.4362044787056924,-0.0954770970029385,0.1829395922694074,0.9943810596329156,-0.44157587669730736,-0.05784055453681645,-0.2054649689763505,0.0008421574031517548,-0.4542999737194379,-0.05784055453681645,-0.0447355649206842,0.006177497114407846,0.00671255544271306,-0.4865355464993618,-0.4477176219083324,-0.11195498333996168,0.33432905496810394,0.9972991284144812,-0.4443088054080255,-0.04269396618503468,-0.20945733010071965,0.006213821581190784
cloudcover_Rmean=2,0.015418853571501741,-0.016973787295170555,-0.18901971287858,0.3450619484662308,0.5747822758205826,0.2549682372659713,-0.4082487539061995,-0.44584164174386576,0.9892753989169316,-0.12752006838253588,0.11819704837519272,-0.1883009741627996,0.394729111534442,-0.12752006838253588,0.02657341294142991,-0.015523360193852713,-0.2121704490018229,0.3594560681481364,0.5846573830489354,0.2796728867671363,-0.4621385726890378,-0.4431760513730205,0.9985815412226808,-0.15876599315780088,0.09904122827541967,-0.21147980054918133
heatIndexC_Rmean=2,-0.33505659649733205,-0.09468446940328973,0.9479031937120564,-0.018932274289748103,-0.044791008243865185,-0.8392685085692851,0.13662183919773266,-0.030131713943048862,-0.17935296274038395,0.980056301026253,0.4951289724164828,0.9479153187657058,-0.17238152260638134,0.980056301026253,-0.3652858818230031,-0.10170408508979917,0.9733331533453742,0.07506529041310032,0.04371796812072226,-0.8500420563586573,-0.004923570770129025,-0.0506502800708856,-0.14831689340684392,0.9969658388917388,0.4873889736395414,0.9734021186597284
dewPointC_Rmean=2,-0.2161069132224169,-0.0559905617886923,0.3286603843655886,-0.057518482448808965,0.3146056167575383,-0.04809519541396845,-0.26194546031221105,-0.20971094864870485,0.0946995277503585,0.4750484726797672,0.9624292618042188,0.3289025349892841,-0.09667364834031628,0.4750484726797672,-0.2318314906688537,-0.06081895333694778,0.34755638747096584,-0.014089365583620953,0.3519039051053148,-0.05747253158961103,-0.30163037946860843,-0.2075613204212172,0.10665275190712442,0.4960538455550466,0.9825788835867184,0.3478199115479598
windChillC_Rmean=2,-0.3386505506643785,-0.09686931336318268,0.9797061236781106,-0.0006417532675230283,-0.103624338658663,-0.9086497534332348,0.20374002710094755,0.017385196586862158,-0.2295393234140647,0.9660536190764054,0.3508389645978727,0.9797405861202874,-0.15712890490962755,0.9660536190764054,-0.3617517572198189,-0.1023722334115504,0.9956219854975272,0.08425970211464844,-0.019255336212168742,-0.9099287795813102,0.05595899372604013,2.026757507981061e-05,-0.2006613328619579,0.968099804059006,0.3375466241106191,0.9956926444822368
windGustMiles_Rmean=2,-0.0866973359934953,0.023863285432363827,-0.02076206828494186,0.9640097664907488,0.4915358637426635,0.06154092431889599,-0.3857841763730348,-0.4738061600552771,0.4267005110323602,-0.023182363554736282,-0.034110726309065316,-0.01995777528100406,0.9846064925315858,-0.023182363554736282,-0.07276547162307624,0.021857846153354062,-0.1122506796097511,0.9503439621285568,0.4926689440491565,0.14527183542028105,-0.4157124637027856,-0.4552073365786944,0.4100497255866081,-0.12149501997668084,-0.07626117494326022,-0.11146050870883473
feelsLikeC_Rmean=2,-0.33505659649733205,-0.09468446940328973,0.9479031937120564,-0.018932274289748103,-0.044791008243865185,-0.8392685085692851,0.13662183919773266,-0.030131713943048862,-0.17935296274038395,0.980056301026253,0.4951289724164828,0.9479153187657058,-0.17238152260638134,0.980056301026253,-0.3652858818230031,-0.10170408508979917,0.9733331533453742,0.07506529041310032,0.04371796812072226,-0.8500420563586573,-0.004923570770129025,-0.0506502800708856,-0.14831689340684392,0.9969658388917388,0.4873889736395414,0.9734021186597284
tempC_Rmean=3,-0.3551853777690501,-0.09940124604477134,0.9941382150967536,0.028396564868136867,-0.07572456105476884,-0.912703973481103,0.17206209701109765,0.019249919744548274,-0.2229825070428393,0.9743888536321448,0.35493997833015634,0.9940810937302482,-0.12251634697723685,0.9743888536321448,-0.3688562488743766,-0.10330633694259644,0.9838031004192046,0.1077570942427934,0.007091549096324768,-0.8968343326489714,0.03456365231037715,0.003442125406895144,-0.1950782706242336,0.9550757961612862,0.32900915871771746,0.9837563026787346
windspeedMiles_Rmean=3,-0.13302042648795606,0.010224805971759308,0.07877470712878694,0.9874861166167564,0.4044097485303401,-0.03869299417375522,-0.3162376708359102,-0.4758527712710571,0.3593640743422225,0.07485392210473314,-0.006493146789413266,0.07963866834593476,0.9512131896170432,0.07485392210473314,-0.12218526610235032,0.008507249777481832,-0.00026146831393656603,0.983967670866972,0.4176283646679812,0.03445688035640486,-0.3451567465918781,-0.4617090216040902,0.34724114936313993,-0.011190444238984012,-0.044700265260740106,0.0005456194084145191
precipMM_Rmean=3,-0.0628512190096873,0.004718205442784089,-0.040424236643478884,0.3917967001818986,0.9660745920007204,0.22332929686711286,-0.7256055995361391,-0.4086094469835216,0.581619270610324,0.03104744542668003,0.3679261554975124,-0.03993097806838792,0.4722196421294835,0.03104744542668003,-0.04186427522382977,-9.601497619566244e-05,-0.1229233967017802,0.37966946655466666,0.956766109851152,0.30093918024528665,-0.7686964163552159,-0.3959019123080831,0.5717863103570014,-0.05414994095008304,0.32848293777329457,-0.12248814518758228
humidity_Rmean=3,0.29409872481567817,0.0836761695980036,-0.9042427179178828,0.0038940346085356336,0.25381005034645104,0.9961028176535058,-0.3094320825204225,-0.11664560058436987,0.2875120302778905,-0.8481569515143955,-0.05890712240642014,-0.9040846678439041,0.1563956367628484,-0.8481569515143955,0.30964894527632464,0.08519058531605345,-0.9108085256400322,-0.07034051390075871,0.1720704811926045,0.9904708363734251,-0.19341271895056888,-0.09769213556514418,0.2600257655395484,-0.8439580436373478,-0.04875356227606386,-0.9107218899513604
visibility_Rmean=3,0.1010360916524816,-0.03746201690847239,0.1277540780366539,-0.3073483336448853,-0.660170930669819,-0.24913767040707904,0.9523901042827796,0.17159172771495354,-0.41460786692133206,0.07250313629491209,-0.2405593584543153,0.127130612590547,-0.3892963089093524,0.07250313629491209,0.08625852788243578,-0.033383714134227534,0.19665884730974345,-0.3073798652075674,-0.6650224634523547,-0.3119989582110422,0.8306585001386239,0.15961873278268554,-0.4094786165897926,0.1363973452935618,-0.21574572554390314,0.19607562278712007
pressure_Rmean=3,-0.05180451408211706,0.005847132320554078,0.006223941957641724,-0.4857402067944345,-0.4413219473510265,-0.10112077692201857,0.18778928068120995,0.9978132245976904,-0.4425079339571233,-0.05219232355928799,-0.2062701608113148,0.0057029191030284615,-0.4626005920496061,-0.05219232355928799,-0.03910614441493679,0.007066613464383821,0.01291388995524727,-0.4899335315621381,-0.4513256422516926,-0.11947422690945599,0.33649550971676945,0.9940636261941516,-0.4453148108188035,-0.03557639653051143,-0.2102291307809026,0.012411101752048214
cloudcover_Rmean=3,0.021036058960436168,-0.015659150374177786,-0.19899234816725286,0.3520017792471836,0.5796924089420917,0.26432834274893663,-0.4092593432377336,-0.4455738642872692,0.997223197618986,-0.13877812389662705,0.11075014940691544,-0.1982672040719343,0.40374434048302216,-0.13877812389662705,0.03149327179641605,-0.015749446377911057,-0.22328291247646764,0.3634518785826157,0.5862669011207666,0.28976650006765275,-0.4642390459369618,-0.44274248812734296,0.9930209704688274,-0.1709442030501179,0.09362047105609857,-0.2226004828434359
heatIndexC_Rmean=3,-0.3497484537495302,-0.09846606754145948,0.9658418557019726,0.017066095875260808,-0.00879834918915567,-0.8510046941035682,0.11626534257918485,-0.040091552561866285,-0.16420324805101486,0.9948081344538112,0.4968563315927428,0.9658490094926072,-0.13319266267054047,0.9948081344538112,-0.3703771828963103,-0.10359306369714,0.9690859374652904,0.10457256353632734,0.07744645370910973,-0.8440877124126228,-0.030925951822177125,-0.05873348569979705,-0.13405383500301582,0.9864719602307396,0.4728489539344565,0.9691552339548948
dewPointC_Rmean=3,-0.22592269893529074,-0.05879122676156104,0.342204699407278,-0.04465449675992705,0.32947533011744096,-0.05427310940248335,-0.2712423599036442,-0.2082717496468976,0.09979648689865003,0.4891726192193247,0.9855402594117574,0.3424550262370909,-0.08418291654554425,0.4891726192193247,-0.2365769135367673,-0.061732986289010736,0.3502382537353245,-0.0009772449669241683,0.3660922686312501,-0.057912803958442526,-0.3101360435085903,-0.2061485927075644,0.1132959657790354,0.4969127288899912,0.9610928545821992,0.3504533409333947
windChillC_Rmean=3,-0.35546187237385063,-0.09936822814688004,0.9940569595037428,0.029416891754860317,-0.07504943098230206,-0.9125664297307328,0.17150611089888684,0.01858527586637168,-0.2222085583300753,0.9744301462036083,0.35519695735241985,0.9941364112775593,-0.1215408006704871,0.9744301462036083,-0.3689547078915447,-0.10318160234827607,0.9837450452460056,0.10880057932475536,0.007836012562762019,-0.8966433871711524,0.03383651405185832,0.0027851450000619016,-0.19430558897434932,0.9550891369688906,0.3292977683492593,0.9837994793164524
windGustMiles_Rmean=3,-0.08044155095019097,0.023292870250402862,-0.05512915008147306,0.9642471818148559,0.4920318177353348,0.0944679810917989,-0.3876709451322087,-0.4671730313753106,0.4195373769283673,-0.0602984884540882,-0.04985721202756966,-0.054315930844604315,0.9945932463380264,-0.0602984884540882,-0.0656324598346618,0.02131467341517744,-0.14989384815161813,0.9370429826191956,0.4869664345332371,0.1804445831513364,-0.41156535801138977,-0.4457973300252672,0.4006128455857431,-0.16050911292329348,-0.08941053846432158,-0.14911079517334558
feelsLikeC_Rmean=3,-0.3497484537495302,-0.09846606754145948,0.9658418557019726,0.017066095875260808,-0.00879834918915567,-0.8510046941035682,0.11626534257918485,-0.040091552561866285,-0.16420324805101486,0.9948081344538112,0.4968563315927428,0.9658490094926072,-0.13319266267054047,0.9948081344538112,-0.3703771828963103,-0.10359306369714,0.9690859374652904,0.10457256353632734,0.07744645370910973,-0.8440877124126228,-0.030925951822177125,-0.05873348569979705,-0.13405383500301582,0.9864719602307396,0.4728489539344565,0.9691552339548948
tempC_Rmean=4,-0.3636815140585781,-0.10161232398220328,1.0,0.06021929060737982,-0.04164158711734575,-0.9121154449389776,0.14964824026895426,0.01164930218534677,-0.21089657745583645,0.9746503043755084,0.3511947311167012,0.9999185870200806,-0.08512371148144714,0.9746503043755084,-0.3666155645697208,-0.1035261225598272,0.9650017394459952,0.13133935894330792,0.03799330428474604,-0.8786690314304051,0.01004356232867951,-0.002648596925654914,-0.1842081337343612,0.9332319161001164,0.3126025382797661,0.9649767486572628
windspeedMiles_Rmean=4,-0.12003826339016352,0.004833775019314285,0.06021929060737982,1.0,0.4141008626844169,-0.0270606526158056,-0.2848965833792444,-0.4906319457390505,0.35711769944070737,0.051042802203267526,-0.03147869488364265,0.061086914908212414,0.9626471288824432,0.051042802203267526,-0.10561295739535656,0.003502121511350935,-0.022483762265820054,0.9717099388097008,0.4198840510179784,0.05010919015315327,-0.3455322626713627,-0.4738521623836846,0.3416965968364133,-0.03950501164316006,-0.06864701030119133,-0.02167994194469671
precipMM_Rmean=4,-0.03989849699408973,0.012453156295573241,-0.04164158711734575,0.4141008626844169,1.0,0.22125252671423964,-0.6792549513147499,-0.4457255364548297,0.5833040342274625,0.025215285807710628,0.34421860612141075,-0.04102019002113292,0.4921853580856762,0.025215285807710628,-0.014145044701632794,0.00886510314315531,-0.12464735973012207,0.3924396045573879,0.9639143341459656,0.3006205436123531,-0.7776262137798363,-0.4313735539754627,0.5711690552062179,-0.06287950103769112,0.30035933139697196,-0.12413947571926374
humidity_Rmean=4,0.3042747962536376,0.08585095891606488,-0.9121154449389776,-0.0270606526158056,0.22125252671423964,1.0,-0.2852390931572235,-0.10771441665302203,0.2761436907667865,-0.8524781363830453,-0.057864943063505675,-0.9119780235701416,0.12079996765430688,-0.8524781363830453,0.31120308539735025,0.0850817607336916,-0.9003816133605523,-0.09453552270487506,0.14180577524644872,0.9757512995832422,-0.1677364039647143,-0.09105780326454532,0.24971287491422284,-0.830247735224611,-0.04070126166707342,-0.9003075260249361
visibility_Rmean=4,0.09491153206134366,-0.04221843259235883,0.14964824026895426,-0.2848965833792444,-0.6792549513147499,-0.2852390931572235,1.0,0.19180873161363188,-0.41228215940686586,0.08758782940252492,-0.2808515253159958,0.14912789698940174,-0.372487491839664,0.08758782940252492,0.07786252280457158,-0.03935162164497966,0.21939273380440408,-0.2844077291297811,-0.6724108120230318,-0.347870070578966,0.8050232696962025,0.17791108778850218,-0.4068917339720097,0.1512112703002696,-0.25235787948071897,0.2188972222945957
pressure_Rmean=4,-0.04623050453103664,0.007232401892946769,0.01164930218534677,-0.4906319457390505,-0.4457255364548297,-0.10771441665302203,0.19180873161363188,1.0,-0.4436948653671106,-0.04574090680980901,-0.20684961660784,0.011126750271420521,-0.4700574821490642,-0.04574090680980901,-0.03412218628162228,0.008045724417707133,0.019967036648514583,-0.492077127198531,-0.4539913360210314,-0.1278243909471948,0.3377959063565543,0.9901474075892897,-0.44609562759352905,-0.02735564877064241,-0.21014029330372147,0.019464936359372045
cloudcover_Rmean=4,0.026094194810907263,-0.014716449976189806,-0.21089657745583645,0.35711769944070737,0.5833040342274625,0.2761436907667865,-0.41228215940686586,-0.4436948653671106,1.0,-0.1515427562312395,0.1056181874310062,-0.2101699730039639,0.411410257567747,-0.1515427562312395,0.0357360723056076,-0.016193103063215777,-0.2361309151469174,0.3657342257702642,0.5864831660473689,0.3020328719161985,-0.4655426215597014,-0.4405985041718588,0.9829357786264205,-0.1842642050159465,0.09055259795371448,-0.235463441478507
heatIndexC_Rmean=4,-0.3632731415122121,-0.10074286571763892,0.9746503043755084,0.051042802203267526,0.025215285807710628,-0.8524781363830453,0.08758782940252492,-0.04574090680980901,-0.1515427562312395,1.0,0.4973503416422945,0.974672082822698,-0.09376253177808068,1.0,-0.3741369961270342,-0.10405468308525376,0.9550802060565056,0.13214058818710267,0.10873305040027144,-0.8279507035692869,-0.05624331750155416,-0.06240645562012375,-0.12222229032522675,0.9671075704893448,0.4573821312503025,0.9551583181445024
dewPointC_Rmean=4,-0.2336136250115766,-0.060590582354231926,0.3511947311167012,-0.03147869488364265,0.34421860612141075,-0.057864943063505675,-0.2808515253159958,-0.20684961660784,0.1056181874310062,0.4973503416422945,1.0,0.3514404707943272,-0.07049580346923494,0.4973503416422945,-0.23624602947997506,-0.060533199603179474,0.3472380924441089,0.011646725659231793,0.37988706996745797,-0.05500789910822253,-0.31843271520897565,-0.20491693247326226,0.1208945441118744,0.490141892204318,0.9334923651438912,0.3474115145542281
windChillC_Rmean=4,-0.3638506888656156,-0.10158624484216064,0.9999185870200806,0.061086914908212414,-0.04102019002113292,-0.9119780235701416,0.14912789698940174,0.011126750271420521,-0.2101699730039639,0.974672082822698,0.3514404707943272,1.0,-0.08430371794034941,0.974672082822698,-0.3665813568031641,-0.10335238440506003,0.9649519368848841,0.1322126618181845,0.0386481251161153,-0.8784715710775548,0.00937392507251185,-0.003173264385594593,-0.1834922935068902,0.9332402517677156,0.3128296512715097,0.9649941683182938
windGustMiles_Rmean=4,-0.06960664501642501,0.022815716961461268,-0.08512371148144714,0.9626471288824432,0.4921853580856762,0.12079996765430688,-0.372487491839664,-0.4700574821490642,0.411410257567747,-0.09376253177808068,-0.07049580346923494,-0.08430371794034941,1.0,-0.09376253177808068,-0.052890409667358994,0.020884809177876912,-0.18131647409054752,0.9199547904104526,0.4799422549286549,0.2078630953501283,-0.4049727125167998,-0.446053025561276,0.3901664683192362,-0.19467207410101856,-0.10692818893963264,-0.1805371035657869
feelsLikeC_Rmean=4,-0.3632731415122121,-0.10074286571763892,0.9746503043755084,0.051042802203267526,0.025215285807710628,-0.8524781363830453,0.08758782940252492,-0.04574090680980901,-0.1515427562312395,1.0,0.4973503416422945,0.974672082822698,-0.09376253177808068,1.0,-0.3741369961270342,-0.10405468308525376,0.9550802060565056,0.13214058818710267,0.10873305040027144,-0.8279507035692869,-0.05624331750155416,-0.06240645562012375,-0.12222229032522675,0.9671075704893448,0.4573821312503025,0.9551583181445024
tempC_Rmean=8,-0.3617465521925297,-0.10215933527056614,0.9314585998403364,0.1568956680409087,0.07826002027539647,-0.8413507905431628,0.059177814299360004,-0.00503142505779569,-0.170025188945772,0.8917102919558035,0.2924939405227389,0.931414661015292,0.0473239888940744,0.8917102919558035,-0.3302519750494521,-0.0959538766395081,0.8206220125347241,0.1913500265147792,0.1377002902007886,-0.7456077653537511,-0.07079601997550995,-0.010502545160403751,-0.15008829779201452,0.7747854708833988,0.21408022187671616,0.8205835630345443
windspeedMiles_Rmean=8,-0.09908141018095276,0.008812424205756229,-0.08184265784666397,0.9525307767944542,0.4189833665379771,0.1150233230280697,-0.3172018655125561,-0.4529406591477567,0.3332295352316875,-0.09762729976265998,-0.07493794073590898,-0.08100858515476896,0.9578273192375828,-0.09762729976265998,-0.07206827426202561,0.010087920050937341,-0.18193659663474684,0.8803573327361042,0.4050008507514174,0.2047475747814581,-0.3335602219980603,-0.4265361718826919,0.3135035300342587,-0.1990404297496342,-0.1063762679215444,-0.1811512249320852
precipMM_Rmean=8,0.005106853523551343,0.009261968915567428,-0.1737734899680075,0.3761642215752752,0.9454416796027076,0.34942254211826873,-0.6521839061958882,-0.42856458496356375,0.5675360852069103,-0.10952820102374156,0.292926873944976,-0.17327977157290347,0.4751313524084743,-0.10952820102374156,0.0358647494255204,0.008131065015384062,-0.2568917514768652,0.33575528310159464,0.8719070910926557,0.42493701776210535,-0.7162748487234646,-0.40999902922664777,0.5460262277324016,-0.1958806073162469,0.2500177671872716,-0.25643016969293186
humidity_Rmean=8,0.3132074161301209,0.08660256582241575,-0.8748241568380585,-0.12021358145071985,0.10531238282098046,0.9442172135343516,-0.19203143410714604,-0.08671253605542686,0.2403469071736133,-0.7999170028802391,-0.02721789747118015,-0.874750099219648,-0.003630478605368854,-0.7999170028802391,0.2925994076421712,0.08021239350594662,-0.795832342683884,-0.15303990940601128,0.04304965589537781,0.8581958363064219,-0.08148552693385283,-0.08059007638706046,0.2210808070234572,-0.7132939517357062,0.014633986806747469,-0.7957623874703259
visibility_Rmean=8,0.0637391782672833,-0.03366613542589464,0.2438444281307491,-0.27101984622844577,-0.6848423168125457,-0.3787591567215196,0.8840940731814831,0.19990717008971373,-0.4192057006339744,0.18406602683848394,-0.24508191519016664,0.24334109050060754,-0.371294987618896,0.18406602683848394,0.04467026181517246,-0.03348255884975985,0.31302367346399484,-0.25206318417739976,-0.631111788899804,-0.4397494064351128,0.6744555622567703,0.17873849272073167,-0.4084456454565704,0.24909405256408684,-0.21161882457699868,0.31254911261767754
