statusN_Rmean=48,statusS_Rmean=48,tempC_Rmean=48,windspeedMiles_Rmean=48,precipMM_Rmean=48,humidity_Rmean=48,visibility_Rmean=48,pressure_Rmean=48,cloudcover_Rmean=48,heatIndexC_Rmean=48,dewPointC_Rmean=48,windChillC_Rmean=48,windGustMiles_Rmean=48,feelsLikeC_Rmean=48
0.034084095444953354,0.06696229074213979,0.17705818365092615,-0.042575663021333573,-0.015199862550534151,-0.16516445083892928,-0.004666578673578108,-0.08364135745174661,-0.017468274456771668,0.20075824902691675,0.0951892114508266,0.17724593799901459,-0.09322532330015892,0.20075824902691675
-0.0655408405804662,-0.03889634324134748,0.015024021337919493,0.0031000769484599323,0.016281114647908396,-0.03664836563573412,-0.007822049821330635,-0.012724734224194262,0.07525830088142497,0.01672576463697975,-0.018240656421247718,0.014905432123480866,4.532906767806954e-05,0.01672576463697975
-0.11127193206552217,-0.07791837990185926,0.16605240469882818,0.018408574087103422,0.009256262748190677,-0.15765654324114314,-0.007681398945887489,0.09919743395001777,-0.21300282713489155,0.08409102483243829,-0.1346231905779786,0.165901710003136,0.079379638849931,0.08409102483243829
0.18522685211148546,0.06125386457994409,-0.5603751411470292,0.4796799438605188,0.24749959901974114,0.5296790085308897,-0.20328897222804457,-0.40032587815116266,0.31583550557135187,-0.5592376727722519,-0.12136613597366644,-0.5601314525974781,0.5260055490555243,-0.5592376727722519
0.18977675009466177,0.005171413841678415,-0.4215791327808572,0.11454228837045874,0.4783812909500473,0.5428334876720068,-0.3944559644964227,-0.3407607479399644,0.37558065224230486,-0.3724914829085909,0.20051519762378522,-0.4216459778363566,0.18704897158818892,-0.3724914829085909
0.13284105561547463,0.06816948025335903,-0.25236337395974445,0.010628792877609886,0.14094659095891798,0.3021573132933138,-0.11721257720414835,-0.18786216409208012,0.3031106671082205,-0.14634815265387371,0.2370695409689667,-0.2523160318016638,-0.027901019620137236,-0.14634815265387371
-0.15628180090162144,-0.030142004943466253,0.3657922104639743,-0.08757158972310813,-0.4024381139956121,-0.4631211019115895,0.3400865581625067,0.23765361244604608,-0.3547324774762006,0.3234500764038984,-0.15444719502587131,0.3658258935783412,-0.15048545854762965,0.3234500764038984
-0.12364456438566387,-0.0007427043515048167,0.19082929630727374,-0.3894581937582096,-0.4437109852367906,-0.2663922991050384,0.3351591960758702,0.8834999685956999,-0.41498248157313483,0.14956138078645445,-0.16182833418724366,0.19076312876048132,-0.39778044206178054,0.14956138078645445
0.06781621498000605,-0.002022948036188637,-0.3586710069157111,0.2785187467478554,0.45033527607886625,0.42636956475542354,-0.4001566545101541,-0.4133484966767753,0.5449562623558685,-0.3040060674877805,0.16176607721706682,-0.35836572349439727,0.3270831225076619,-0.3040060674877805
-0.13530378259712253,-0.07367267339585742,0.15778280708541056,0.0657350365217145,0.10850872170728165,-0.11719975734351604,-0.1004361955477857,0.04079555645469651,-0.12901403833622313,0.0971920724038254,-0.04990864522663104,0.1576408089066114,0.13144025207002905,0.0971920724038254
-0.05568860606595966,-0.04769262570187807,-0.057368964466149655,0.07968624469991598,0.3954277572882949,0.21923000891100444,-0.3453091602276216,-0.18676533235168502,0.20539010823475712,0.01228675223572628,0.33188839334431514,-0.05761310709392242,0.13779554338369074,0.01228675223572628
-0.11073298918869223,-0.07716320420311923,0.16561605429210235,0.018920329164239472,0.010267239770389234,-0.15705481498901294,-0.00848503993613178,0.09862875030208247,-0.21216053992136225,0.08371143471131548,-0.13441737839364942,0.16546488082565597,0.08002095805842613,0.08371143471131548
0.23413825813109632,0.07147695967197117,-0.6228189490855968,0.42018662481475305,0.254331787538216,0.5942520523334771,-0.20302385417845129,-0.3830311764493217,0.3385425275889129,-0.6123312840787928,-0.10477767664853342,-0.6225945335942433,0.4693530379686341,-0.6123312840787928
-0.13530378259712253,-0.07367267339585742,0.15778280708541056,0.0657350365217145,0.10850872170728165,-0.11719975734351604,-0.1004361955477857,0.04079555645469651,-0.12901403833622313,0.0971920724038254,-0.04990864522663104,0.1576408089066114,0.13144025207002905,0.0971920724038254
0.012537930020419188,0.0689606814980769,0.20284138963245957,-0.0278718298372682,-0.005357467538463004,-0.18660224519220056,-0.012900169907909728,-0.08811488569310731,-0.011663511253093766,0.2281262304718372,0.1119825015232582,0.20304719656972928,-0.08093668505731787,0.2281262304718372
-0.06980942244774835,-0.029328454703397042,0.018739136631165283,0.008630722027034077,0.01828240343372222,-0.0384663505073228,-0.010482860486156627,-0.013285074579454242,0.07669064511319655,0.02060976254468551,-0.015133031967054768,0.01863249747152904,0.004938742868699557,0.02060976254468551
-0.007468382510969113,0.07177514021199813,0.22776302330546433,-0.012972343507523269,0.006025570970182129,-0.20693352986573768,-0.02173565472754206,-0.09218870381884714,-0.004522117658003432,0.2546546691977194,0.12829643274279573,0.2279786550751975,-0.06779994421285486,0.2546546691977194
-0.07371657517224402,-0.01967468398574628,0.022505377738068193,0.013922929677836478,0.020065393612066006,-0.04004014155235156,-0.013330256751307222,-0.01392614086375826,0.0771512267313707,0.024611046175204945,-0.011147882221138458,0.022405208069978685,0.009454784027090062,0.024611046175204945
-0.02549457292341977,0.0748810471778165,0.25046715513461043,0.0018019437445282707,0.01612496547706259,-0.22556649364446485,-0.029585352804985265,-0.0959737431593087,0.001993231299936943,0.27883764344328943,0.14363584382666422,0.2506974281871265,-0.05449233305462476,0.27883764344328943
-0.07742380258262618,-0.011138365913137046,0.025863197168542348,0.019228466745606028,0.022071235251867452,-0.04136295230047244,-0.016678841342598668,-0.014280939515607907,0.07821403234809572,0.028040911673073383,-0.008018639314125647,0.025769073953844392,0.014190783800154285,0.028040911673073383
-0.07857494873167956,0.08146610435164946,0.3246145069908929,0.061221722160930664,0.060816626770628934,-0.2832474625223286,-0.06593985537015995,-0.11277261757231018,0.030170493415832132,0.3577510571686448,0.1966459547528701,0.3248581533830166,0.004741733086375124,0.3577510571686448
-0.08694137597813713,0.02197405719563605,0.03343199278102185,0.04156793954987048,0.03050673380849834,-0.040174767094066685,-0.03340202752887253,-0.016371116412488153,0.07881193406498717,0.035200224769490876,0.004430779825018533,0.033318255519671165,0.03529371363142304,0.035200224769490876
-0.09967988954056461,0.07002948219148195,0.3597082177079538,0.11706304438778545,0.10392001121229681,-0.3047125815949514,-0.1002200044268773,-0.12621032889164313,0.05899672591877784,0.3927365839415901,0.22127641672281878,0.35996462490167336,0.06947361109419013,0.3927365839415901
-0.08596193261509472,0.04891171030762742,0.03431683448757674,0.06081558873322376,0.03903851570570802,-0.0331411454530547,-0.04970070204142841,-0.01759801565134704,0.0764393691823326,0.03436677605400933,0.010124300999847555,0.034201144033441336,0.05510576564190164,0.03436677605400933
0.11615259720070024,0.08163983673152081,0.16904624485311195,0.18786117331062563,0.17681681014564868,-0.10906839588564696,-0.129888490203019,-0.1202319236303642,0.11131815504851858,0.17660875681863678,0.12888957793858388,0.16933683226008944,0.20168440379317432,0.17660875681863678
-0.03140981119510626,0.24890223689011312,-0.016213392073412866,0.08450237258157996,0.05617059763664463,0.026805114593328655,-0.07105257862774941,-0.009950714998473217,0.04994220825317957,-0.024043499628378196,-0.005004037389971368,-0.016220652172959187,0.09032865411748131,-0.024043499628378196
0.4861767771241698,0.11004443421318523,-0.11355822351305904,0.11513845655484305,0.16318067780913842,0.1447677401404138,-0.08336121733160191,-0.08796286495565762,0.10770304858230022,-0.12801512922514285,-0.019405167204971846,-0.11340460796962325,0.1723030855508635,-0.12801512922514285
0.023713645645320528,0.47214255789512216,-0.0527617936050699,0.07321922116592204,0.06044236212315158,0.0633084468811118,-0.06858092343663824,-0.004637424141976157,0.031058662331355236,-0.06083166865039977,-0.017832748980224494,-0.05248841971688328,0.08492109100653819,-0.06083166865039977
1.0,0.09783401353782743,-0.30470757604407495,-0.09737431603461955,0.026133086204259047,0.2930692153457141,0.07731409467242899,-0.04621866473471945,0.06333279386960558,-0.31246104220894727,-0.13696702578991488,-0.30481061224589584,-0.050708689168241686,-0.31246104220894727
0.09783401353782743,1.0,-0.05226565380995219,0.08379555794800536,0.07079888573896938,0.07506617087777322,-0.05840193628028707,-0.0006282128648988514,0.02148076388096085,-0.051607992161988726,-0.007680479355069551,-0.05173430654493689,0.0982878641496978,-0.051607992161988726
0.2936177091257342,-0.023921495572295424,-0.016366175013064498,0.14638968305472796,0.13256046624285026,0.0441677410035066,-0.04282424389099295,-0.18184256257019762,0.09835375976615869,-0.021729846070747832,-0.020422102278594808,-0.01621003129851366,0.1519366690920855,-0.021729846070747832
0.11400781589744843,0.1338760383220457,-0.06614351881106154,0.09076667643223356,-0.009710942102772907,0.0844004110764436,0.04135156595088291,0.006162083388956256,0.028115347599663255,-0.06480564215171777,-0.028119548109662537,-0.06533306096249213,0.08302155406929884,-0.06480564215171777
-0.07241395535021786,-0.0762083261853458,0.10806866945956599,-0.006941322425259175,-0.002267294059954961,-0.10522102214891184,0.004714033981119494,0.10830356811723983,-0.21943725295085462,0.022341926855603645,-0.16019137593494365,0.10789179974063941,0.061453115595086226,0.022341926855603645
0.21084571258616505,0.05481188157379035,-0.5703239217507555,0.457411278034113,0.24689996763335564,0.5355617422615703,-0.19711220138436097,-0.399715575236724,0.31316385308074013,-0.5698626684992817,-0.13145324029529074,-0.5700814775736712,0.504794028675288,-0.5698626684992817
0.1852897771394786,0.0200680494371811,-0.48122453803343684,0.10329132531689811,0.41833066426157883,0.5963454767823511,-0.33840123806629624,-0.2675728226936605,0.36373273755677243,-0.4285488172535764,0.19869536129378557,-0.48128162576626154,0.17313380571983597,-0.4285488172535764
0.09872445840857094,0.06577293259822431,-0.19725367269458755,0.032782991474958396,0.15100920703068257,0.25300182704814195,-0.1276660408068238,-0.19493813936809243,0.3080414917113966,-0.08758249090862998,0.26120657667390956,-0.1971763206300841,-0.013011245180040265,-0.08758249090862998
-0.18450233963929102,0.008449326202971705,0.20178038354226402,-0.09287602000110805,-0.41273067583221895,-0.2737134819219452,0.33336934688198383,0.3542915431760657,-0.30375610134445846,0.1849587965231054,-0.07170619798472036,0.20188984200248264,-0.1399153755971979,0.1849587965231054
-0.13077745355105455,-7.258184250356938e-05,0.2032916007172377,-0.38468432474350156,-0.4412344048407053,-0.27625713758691256,0.3332603128767007,0.8848520122225905,-0.41485248641607886,0.16183321656198232,-0.15802556378173155,0.203225257886772,-0.3937656276922303,0.16183321656198232
0.07308296022929683,0.0007388406934077393,-0.3644660608834038,0.27254745932128754,0.44861676618990043,0.43105400740744226,-0.3986448904042929,-0.4129983018005447,0.5434392530513537,-0.3092812643356089,0.16144184144772053,-0.36415120547054447,0.3209460697459561,-0.3092812643356089
-0.09446666911176073,-0.07195631679225817,0.09648963292162013,0.04145702971783182,0.09719307933816627,-0.06200731047501027,-0.08915017981101919,0.05042116432651227,-0.13614955213050164,0.03152143964927144,-0.07829901482721253,0.09631839450141481,0.1150936572833956,0.03152143964927144
-0.03668148556220156,-0.04971978247065021,-0.08606007421388069,0.07376549425935783,0.3934117462307782,0.24401606789014674,-0.34384964268976,-0.18340307310331397,0.20509599354897803,-0.019674739198597864,0.3102390499304895,-0.08632109448942094,0.1361681011221295,-0.019674739198597864
-0.07186261218401052,-0.07545305687350859,0.10760527194602876,-0.006429277748390483,-0.001242165212340018,-0.10459694785453993,0.00390635642706443,0.10773456550609115,-0.21859754551068242,0.021930766603505354,-0.16001551618122536,0.10742792843745662,0.06210219280637031,0.021930766603505354
0.24314013826826064,0.07455243880551062,-0.6382648016263274,0.3988628010929704,0.2411809839533876,0.6100367974052308,-0.18818577312572746,-0.37291900687898855,0.33617291110936864,-0.6235282633415559,-0.09607494500453233,-0.6380449427006666,0.446190122088932,-0.6235282633415559
-0.09446666911176073,-0.07195631679225817,0.09648963292162013,0.04145702971783182,0.09719307933816627,-0.06200731047501027,-0.08915017981101919,0.05042116432651227,-0.13614955213050164,0.03152143964927144,-0.07829901482721253,0.09631839450141481,0.1150936572833956,0.03152143964927144
-0.03599914919208944,-0.07078462606488942,0.04663993438731688,-0.03911826994953856,-0.020350736811212657,-0.048789791379709915,0.02115474602718812,0.12577889209066437,-0.22933821236762816,-0.04139589255287916,-0.181318457787939,0.04644054412540723,0.0361365008138104,-0.04139589255287916
0.21371287797207245,0.06632845964516239,-0.6096697284473568,0.4364503140794295,0.22060785361042495,0.5775073357976849,-0.17429727292849276,-0.37773959447678596,0.3079146657064531,-0.6022497449298583,-0.1158632175366067,-0.6094475927732134,0.48264928688748987,-0.6022497449298583
0.18941854505592137,0.00024083569282251264,-0.4551970709898033,0.0708142146332928,0.45970462339175866,0.5909806581729602,-0.37219397417868466,-0.2936233410929208,0.3839976420877343,-0.38958575973169923,0.2545913358710659,-0.4552244660973306,0.13990802090666324,-0.38958575973169923
0.06380701655443878,0.06271578258835415,-0.14415141040259608,0.0604387573954155,0.16296052735695496,0.2051139324783722,-0.13964557632273558,-0.20343783267087592,0.31574748570661415,-0.03154766821254329,0.2824588025400913,-0.1440432328872663,0.007869189965685846,-0.03154766821254329
-0.1204828218301394,-0.06084827401159028,0.4784696860861183,-0.04930049168364145,-0.2694819874873972,-0.5470761920687313,0.2282041590075245,0.07831988927887899,-0.32374963719023836,0.42915610398392134,-0.13253633239665427,0.4783347432793593,-0.10994344428739365,0.42915610398392134
-0.13781578470733863,0.0005386357901926121,0.21495741222973525,-0.3796913964605377,-0.4382934430048423,-0.2854706774098189,0.3308092167377881,0.8860229629063819,-0.41465272139384657,0.17316818922043337,-0.1545582497538177,0.21489143844518174,-0.38938411111572335,0.17316818922043337
0.07825053144827754,0.004376113339426604,-0.3690563996909461,0.26764291347795444,0.44607866670136637,0.4339762086281243,-0.396343398049059,-0.413213752614518,0.5419261034971443,-0.31366688932628045,0.15946486400773846,-0.368731282932987,0.3155240610795772,-0.31366688932628045
-0.054218675480920867,-0.07245826824366547,0.03931507362935632,0.017440143437865204,0.08773847803143603,-0.012067917641292574,-0.07705471556066672,0.05626295476974339,-0.14077397464088404,-0.03089299353188493,-0.10942056113847268,0.03912152930137553,0.09842337921801675,-0.03089299353188493
-0.017545571603582773,-0.05113695056324201,-0.11447099401028703,0.06704043426146251,0.38978281141960985,0.26825712470029783,-0.34100226120402366,-0.17952333489767022,0.20395658602497296,-0.051320725087255,0.28864337781353927,-0.11474615566985323,0.1332491601137191,-0.051320725087255
-0.03552825954136416,-0.07002808623764505,0.0460506479687068,-0.03839101000519309,-0.01915944919375922,-0.04799428144531163,0.020222545137637025,0.12503480268050063,-0.2283635942745999,-0.041914751351918064,-0.18107763008149902,0.04585212779140088,0.0370358635391446,-0.041914751351918064
0.2544718817126575,0.07649494047773381,-0.6437134718453293,0.38310623129841975,0.22813784624498187,0.6134950514936461,-0.17357167034495577,-0.37007658365917795,0.33034473369697376,-0.6262729990080215,-0.0950408251018483,-0.6435020196214569,0.42712049568275173,-0.6262729990080215
-0.054218675480920867,-0.07245826824366547,0.03931507362935632,0.017440143437865204,0.08773847803143603,-0.012067917641292574,-0.07705471556066672,0.05626295476974339,-0.14077397464088404,-0.03089299353188493,-0.10942056113847268,0.03912152930137553,0.09842337921801675,-0.03089299353188493
0.004768974934732795,-0.06936542594822086,-0.006219143145241653,-0.0664082862935604,-0.03293027389583532,-0.0020194296681882496,0.03550842129804847,0.132169034276997,-0.23555739168279674,-0.09755582165311215,-0.2061770581924808,-0.006444440836871051,0.01437692394122079,-0.09755582165311215
0.23811205439939198,0.06493564999420103,-0.5987209951677962,0.42497615928525184,0.21770786065790815,0.5581568426727682,-0.1671975259348078,-0.3990730119951154,0.30285755449872476,-0.594919291932631,-0.1399814456712386,-0.5985056149358047,0.46829524422547814,-0.594919291932631
0.22124293272744716,0.010796423929724026,-0.42777792600858144,0.0770705568551978,0.4574734085859428,0.5433096586493408,-0.36556581891005446,-0.3396068331428994,0.3703350237461595,-0.3738674332215094,0.19623457925886698,-0.42784871246757344,0.140263819692097,-0.3738674332215094
0.027933450114715846,0.06000502543288861,-0.09227531485588616,0.08545904896059013,0.17486333898416517,0.15938621721387192,-0.15228969977002624,-0.20984646327713788,0.32161386306094264,0.023443093979786143,0.3055253283103524,-0.09213318651705216,0.027182163791665933,0.023443093979786143
-0.13020237264031623,-0.0515082557425052,0.46635317214866295,-0.030888496797919378,-0.2842023311723831,-0.5520786883007536,0.23830842918286316,0.08947428582284528,-0.32001031345876757,0.4066118446932432,-0.18303694277103252,0.46629772465656166,-0.08740887722876668,0.4066118446932432
-0.1444506360961017,0.0010750178956852809,0.22560270964669255,-0.3744637151374389,-0.4348681192771112,-0.2937094210488074,0.3281245944785055,0.8871757763609351,-0.4144171761634689,0.18331687782714798,-0.1514802883682354,0.22553682715999035,-0.3845542381178077,0.18331687782714798
0.08244318737192456,0.00814521581849933,-0.3744826102820614,0.2618290843477379,0.4438165925165584,0.43844833388781335,-0.39455565639874407,-0.4121565915836445,0.5408295426132668,-0.31800572111334274,0.16043839602534077,-0.3741472532768551,0.3092600297567834,-0.31800572111334274
-0.013714081433694212,-0.06991756292069812,-0.021770447595952477,-0.009475692209286854,0.07478481886513694,0.04322479654989918,-0.06409713403530481,0.0666236411700188,-0.14662832311697846,-0.09517647245126602,-0.13445032872097867,-0.021986823895702574,0.07820159264929086,-0.09517647245126602
0.0015400939217354922,-0.05181577692413501,-0.14215476610276484,0.0594270482690876,0.3851023913040048,0.2918157229352825,-0.33742377413044927,-0.17556345209799137,0.20224441499066173,-0.08192658831065248,0.2684344283922869,-0.14243923460684682,0.12890025898148008,-0.08192658831065248
0.005335551900766602,-0.0686195663729876,-0.0067375975881591305,-0.06588865760508912,-0.03185040805687546,-0.0013349992877024453,0.03465584746860582,0.13158940573689348,-0.23469615145552367,-0.09803020772209979,-0.20604010854575872,-0.0069631764940133855,0.015050120362635706,-0.09803020772209979
0.26856696866335433,0.07887276542888859,-0.6353183094788352,0.36908132345750455,0.22039461976761493,0.601287056499964,-0.16396317737099148,-0.37880298207782703,0.3247222609348019,-0.6170533880385589,-0.10120113988424587,-0.6351011931453826,0.4092022867612387,-0.6170533880385589
-0.013714081433694212,-0.06991756292069812,-0.021770447595952477,-0.009475692209286854,0.07478481886513694,0.04322479654989918,-0.06409713403530481,0.0666236411700188,-0.14662832311697846,-0.09517647245126602,-0.13445032872097867,-0.021986823895702574,0.07820159264929086,-0.09517647245126602
0.15886701421115335,-0.056904521111975144,-0.1940146831005857,-0.1897508147725329,-0.0995967833474331,0.16170049148031496,0.1067339687204162,0.1672612644217219,-0.267040145753755,-0.29289686903817963,-0.2874725209329768,-0.1943243930004222,-0.09587453026973483,-0.29289686903817963
0.2752371535935727,0.07114298939766397,-0.6339109365387138,0.35471044732806056,0.16735957521264483,0.5925216677440158,-0.11186851460142025,-0.37242146051438973,0.29068657019817645,-0.6163207325710977,-0.11832939881364285,-0.6337220917223206,0.38827273949161173,-0.6163207325710977
0.23462725983828187,0.019324790744162112,-0.4068428851153726,0.03894376831833846,0.4469786756976734,0.5191762848342486,-0.3451862311090775,-0.34313490615351844,0.3748585818797271,-0.34187821978598376,0.21691689775115616,-0.4068744748323031,0.08753319682601547,-0.34187821978598376
-0.11222007679578168,0.047668183301841485,0.09246638934844156,0.2027192707898043,0.23939024958685537,0.000817327942668712,-0.21768767595999505,-0.2413354543243949,0.35205578066632975,0.21627802390776146,0.38689458373455027,0.0927211620120692,0.1297246806184359,0.21627802390776146
-0.15440035315413314,-0.04011275664420249,0.45042554003856805,0.0013856583458476404,-0.2842321993149336,-0.5274456890436113,0.22527589826594463,0.11449626060052755,-0.31806435719127435,0.38416141107125334,-0.18865400437963065,0.4503523158792911,-0.044009463442537644,0.38416141107125334
-0.16580556715522635,0.0031834416303782244,0.2558314583212026,-0.3538447128492994,-0.4173281815277469,-0.31551803573300824,0.31357735300492434,0.8922587234852405,-0.41253367897941046,0.2103139385648674,-0.14375012316302588,0.25576245942801895,-0.36312751309547286,0.2103139385648674
0.09676516523535676,0.022795452661348133,-0.3828437919779619,0.24077001184166746,0.43795737515388417,0.4429591831012376,-0.3894563309136662,-0.4140065278952687,0.5399252437764622,-0.32135875814911735,0.16580144931690557,-0.38247137421630956,0.2850856284414453,-0.32135875814911735
0.1467861966097372,-0.05794550217834757,-0.23052146325989328,-0.13379468892353613,0.006881040246040135,0.22641455137684022,0.005214135669439739,0.10699016714271595,-0.17933122016710423,-0.3129225436731527,-0.2238794653220709,-0.23081540942626033,-0.03002165345966925,-0.3129225436731527
0.07715630594958844,-0.04732538632326122,-0.24080042717264988,0.021685807895490253,0.3592191223879098,0.3764024324072688,-0.3149941152048369,-0.15942964390160985,0.1908823977726974,-0.18849611728627835,0.20664540075875504,-0.2411074736815526,0.09870797144274575,-0.18849611728627835
0.1594358800313679,-0.05620157590862663,-0.1946134008385668,-0.1892292590732412,-0.09857705181151039,0.16238580475871886,0.10589220898019137,0.16674950139932573,-0.266257114476009,-0.29348116006660885,-0.2875426446435191,-0.19492361694286972,-0.09521393061144996,-0.29348116006660885
0.2861699641843404,0.0799295618862184,-0.6090889994633419,0.31739140239777663,0.1854482755149656,0.5744039059627917,-0.12164994259566327,-0.3725833832618886,0.31955561054398895,-0.5774368160286593,-0.07537205509219785,-0.6088808097320647,0.34156449284597823,-0.5774368160286593
0.1467861966097372,-0.05794550217834757,-0.23052146325989328,-0.13379468892353613,0.006881040246040135,0.22641455137684022,0.005214135669439739,0.10699016714271595,-0.17933122016710423,-0.3129225436731527,-0.2238794653220709,-0.23081540942626033,-0.03002165345966925,-0.3129225436731527
0.289301966976465,-0.042902023240207504,-0.31346717537397184,-0.3159070636619948,-0.1770506745755265,0.2600692743842507,0.18776139407939896,0.19821387848791966,-0.3005827035238146,-0.411428469693659,-0.33730679939669306,-0.31382549847152336,-0.22538908678586247,-0.411428469693659
0.28553963436924035,0.07711574635190337,-0.5926872949331196,0.31765336802129407,0.12940058179534955,0.550762792897537,-0.0706416272775785,-0.37336219689330036,0.28394928452671514,-0.5639293220580761,-0.09818966027440869,-0.5925195670363608,0.33297021165072294,-0.5639293220580761
0.22038590476476344,0.03597135454098021,-0.3673575751488375,0.03325484502306066,0.4237222380024992,0.4774149879590287,-0.3107365952804111,-0.31354647974219024,0.3771782925525333,-0.2890693691350318,0.24472755730330764,-0.3673237441585572,0.06342149923259911,-0.2890693691350318
-0.23468273280083446,0.03634316166849571,0.21927034008617788,0.3244942663295574,0.3175059113611212,-0.1006580393372367,-0.29554060001472093,-0.2704914077011151,0.3846975186770923,0.3442019088243856,0.4440005877784114,0.2196134844243769,0.2514300431397473,0.3442019088243856
-0.1536457702122361,-0.0038662476141107143,0.3601899570911465,0.061779331062585756,-0.3372301612101023,-0.4589886946418188,0.27683825803842727,0.13650092721257728,-0.32777247616991295,0.2764119917934922,-0.2685775882127324,0.3601150443494695,0.022920812792759232,0.2764119917934922
-0.175399133618296,0.0026936224282716674,0.2642633020832123,-0.3377556429612571,-0.39742583448985874,-0.3179650246508716,0.29722755610337254,0.8987173467694375,-0.4098752769876327,0.21431869124468608,-0.1440788897588252,0.2641778862672802,-0.3424341425509411,0.21431869124468608
0.10286306932702732,0.03474030544778597,-0.3770107085239301,0.22413265513532943,0.4364480523187548,0.4349876531381791,-0.3881671181776879,-0.41825786709834245,0.5482246587052113,-0.30775246713134063,0.17962553141858587,-0.376614098442626,0.2643623263492474,-0.30775246713134063
0.2868193032012098,-0.0427050132902483,-0.3716028321572191,-0.2655351963894214,-0.07463578950494575,0.34546621168542274,0.08819451938783457,0.14328121212348957,-0.21621201339848953,-0.4535395933288352,-0.2775004930090612,-0.37194051605799394,-0.16265285850670091,-0.4535395933288352
0.14501930370655822,-0.03459400698292562,-0.3110483693017776,-0.02446717695960424,0.32934549124658974,0.4379291990786249,-0.2885074553633877,-0.14493938573349227,0.17448122383031034,-0.26070498478120796,0.17851508550176365,-0.31133591770638014,0.05201287275546023,-0.26070498478120796
0.2898023937351233,-0.04228726506586678,-0.31409872364749053,-0.31540098702825153,-0.17600873041624637,0.26075861813786566,0.1869009154571795,0.1976656086647097,-0.29987429306691404,-0.41202919679675726,-0.33737599719963746,-0.3144575802340305,-0.22474296731894325,-0.41202919679675726
0.2671914377572442,0.08277344172072862,-0.5299125792021224,0.2986339667923853,0.15804090400265797,0.5004550525141619,-0.08947624497151731,-0.37589175899867167,0.31981137063990595,-0.48461871564950804,-0.03645398615095146,-0.529706719154557,0.3017719192509834,-0.48461871564950804
0.2868193032012098,-0.0427050132902483,-0.3716028321572191,-0.2655351963894214,-0.07463578950494575,0.34546621168542274,0.08819451938783457,0.14328121212348957,-0.21621201339848953,-0.4535395933288352,-0.2775004930090612,-0.37194051605799394,-0.16265285850670091,-0.4535395933288352
0.3723705424828651,-0.02422636966956374,-0.12555333741642105,-0.5564161407662519,-0.37833526374487947,0.06261392679217848,0.3955691917027524,0.23969580637073015,-0.3819665996445346,-0.1793406256958591,-0.246997992313715,-0.12585241048441848,-0.5589696050928294,-0.1793406256958591
0.13174172398456463,0.09203328485726381,-0.2465842694852587,0.44671867234116464,0.11220317084393613,0.23046975009654921,-0.05007144719538934,-0.41709480953842304,0.30981554468847194,-0.19394164312019077,0.011993281840705397,-0.24635460329752,0.39386626976906397,-0.19394164312019077
0.07183888591716245,0.052070546073708306,-0.04355548866241101,0.12568682768608247,0.6119814707523598,0.20000632679286354,-0.4798680805338684,-0.4144287144431814,0.4884523460355577,0.06659173584741851,0.4209999490793216,-0.0433451759366699,0.13196145606762288,0.06659173584741851
-0.333632574916872,0.02545798467905931,0.10400483171170537,0.5526162453428007,0.534840003948295,0.05986661862401959,-0.5063231156914743,-0.3032703307805718,0.4608997299010287,0.19974210881652743,0.43135467587828286,0.1043988630243278,0.5582307736972537,0.19974210881652743
-0.03595103841423211,-0.08718870993881597,0.09906285214953237,-0.09714612712637875,-0.41622802598032255,-0.1597701161528636,0.3844339772694407,0.25555328994940424,-0.37091904170211204,0.011790586640755255,-0.2709819716421163,0.09870303165025102,-0.0942001896955772,0.011790586640755255
-0.13945953825768348,-0.010633881755300695,0.19464826146248154,-0.3462015582717694,-0.3709292362743545,-0.2426170755496578,0.2806177942850595,0.9329021231271303,-0.41006036728108236,0.13152952148647173,-0.18048803734289331,0.19448930448765445,-0.32693092304119814,0.13152952148647173
0.07350258201000232,0.04304715629962794,-0.29971182063350377,0.22606040315857734,0.47727562487974173,0.3612732000401085,-0.41821251834270556,-0.4404873934462308,0.6661159427116652,-0.20753377989216573,0.2314369209166731,-0.2993181465016396,0.2581341326571592,-0.20753377989216573
0.39794807863569887,-0.0203294807838688,-0.2231765197645344,-0.5356182912475904,-0.2816906244130725,0.18993180665748788,0.30299083055702314,0.1894542687132486,-0.307441254584485,-0.2555073860785769,-0.16960498800932222,-0.2234622386484604,-0.5227983315459135,-0.2555073860785769
0.19546352231478403,-0.012208163485491409,-0.2804693610308812,-0.1575699017634718,0.28588558218964394,0.4329227486734751,-0.249202601265232,-0.13011324846387623,0.13068931496482977,-0.19649188992339892,0.33007810695238476,-0.28059320412706507,-0.11889430738385887,-0.19649188992339892
0.3727619029530375,-0.023531230462003287,-0.1261685986381095,-0.5557843883675312,-0.37760012655613545,0.06313730150769775,0.3949906247102802,0.23920993981102318,-0.38133048460851654,-0.17994474244357975,-0.2474378997913814,-0.12646361602480094,-0.5582662279477162,-0.17994474244357975
0.06520783211018168,0.09965354572934151,-0.15190362842064786,0.4814910858030751,0.1966499981486935,0.1600302566313079,-0.11869080549998971,-0.4269893966831535,0.3712172510677845,-0.08368024439669482,0.09218416825884031,-0.1515887944364495,0.427948202279253,-0.08368024439669482
0.39794807863569887,-0.0203294807838688,-0.2231765197645344,-0.5356182912475904,-0.2816906244130725,0.18993180665748788,0.30299083055702314,0.1894542687132486,-0.307441254584485,-0.2555073860785769,-0.16960498800932222,-0.2234622386484604,-0.5227983315459135,-0.2555073860785769
0.1564736494880783,-0.031013220876242774,0.3536393643205639,-0.4963459438124775,-0.39135669542749285,-0.367613960916534,0.4135062909842148,0.20886976113416855,-0.387159889621284,0.33458811350065004,-0.046071005011050874,0.3534912139520413,-0.5803694074867077,0.33458811350065004
-0.023123356507975926,0.0916422269955648,-0.02946335843493055,0.6877305586101563,0.18238844888613995,0.03641987189229769,-0.12012741383483702,-0.4608176000292773,0.3468293194879529,0.018305480891279136,0.05461682355692382,-0.029116734814750612,0.6135311907155526,0.018305480891279136
-0.025301360987821077,0.06446021979642455,0.05592728130696428,0.22815828105974212,0.7760236456347198,0.13113935361074436,-0.6351642431324128,-0.4364954739678552,0.5636427778932419,0.17361174001651525,0.49914147594434116,0.056221055010123984,0.25194310706335915,0.17361174001651525
-0.14683828232421994,0.03654695636438242,-0.3045904470863751,0.4989656495398171,0.5674344895410972,0.4604990388282248,-0.5339404026939576,-0.27000541538159184,0.46723304661037957,-0.23392024684370757,0.3009943520756629,-0.30432664901987294,0.5810078144273365,-0.23392024684370757
0.09193741168590241,-0.08442859183555589,0.025161733674802546,-0.17099319707499774,-0.6157714320131245,-0.13596795111109805,0.6614672734220625,0.29975634301114035,-0.4501626695212619,-0.09184096356210183,-0.4315303870981217,0.02485110803515615,-0.1934546546781721,-0.09184096356210183
-0.09163728083330568,-0.008421661477645885,0.13513160590806245,-0.3925176729913246,-0.3885507554291961,-0.18265965010606117,0.30452783957846935,0.9647874778790386,-0.42289586278602936,0.06683249715660042,-0.20400998845903345,0.1349505965598429,-0.3639114131551266,0.06683249715660042
0.04406218843249173,0.03708178774274607,-0.26462285644801986,0.2707551259419653,0.5418972288057698,0.3299950608900457,-0.46458587336593266,-0.4538776051071579,0.8155970223123407,-0.16838105139449455,0.23846054090255897,-0.26419171889666654,0.30806475300276875,-0.16838105139449455
0.18407871522247815,-0.025664538258511366,0.25865535763341907,-0.49794773110938917,-0.2964333752133407,-0.2363413849152887,0.3228999671000351,0.1591553328175735,-0.31592678086158604,0.2744732412245105,0.07245178360059135,0.25853167634638513,-0.5705439797610048,0.2744732412245105
0.0788853590805517,-0.012494118395356555,-0.07735885975303641,-0.17775302346716532,0.31247739943965624,0.297756266515375,-0.273465069241638,-0.14622303486617136,0.12729934956768366,0.05858956070417069,0.6139303134247962,-0.07731588786478544,-0.17469216071527952,0.05858956070417069
0.15663891293889606,-0.030453525731142433,0.3532415110888634,-0.49567632831106695,-0.39080330422792414,-0.3672980969620659,0.41305654331852387,0.2084319621727231,-0.38660364561793376,0.3342132976684771,-0.046390163810840976,0.3531111379217075,-0.5796895133702221,0.3342132976684771
-0.06976650489062036,0.10158286284181837,0.00685186434433425,0.7260270641954903,0.2952958333131088,0.02204576502133272,-0.2159235768316774,-0.4655030294849902,0.4203319728127678,0.06459500883180043,0.10966002167763127,0.00725391603838804,0.674247766779976,0.06459500883180043
0.18407871522247815,-0.025664538258511366,0.25865535763341907,-0.49794773110938917,-0.2964333752133407,-0.2363413849152887,0.3228999671000351,0.1591553328175735,-0.31592678086158604,0.2744732412245105,0.07245178360059135,0.25853167634638513,-0.5705439797610048,0.2744732412245105
-0.30470757604407495,-0.05226565380995219,1.0,-0.11492412137621526,-0.15778093556333458,-0.8970042242513734,0.19740722445397668,0.13380495087261024,-0.3328292862546857,0.9690470785158842,0.1804408281086473,0.9999813811832411,-0.22084368273062577,0.9690470785158842
-0.09737431603461955,0.08379555794800536,-0.11492412137621526,1.0,0.2949090086461501,0.13043162572251282,-0.2300907591583719,-0.47972531645574623,0.3561233516550159,-0.11166782278045814,-0.041438626399752744,-0.11440930190800293,0.9726677734659994,-0.11166782278045814
0.026133086204259047,0.07079888573896938,-0.15778093556333458,0.2949090086461501,1.0,0.3669569365498251,-0.8447797167941969,-0.42801181933025645,0.6367994703336114,-0.04422519129813179,0.47944458538493306,-0.15745675766544123,0.3958764613717871,-0.04422519129813179
0.2930692153457141,0.07506617087777322,-0.8970042242513734,0.13043162572251282,0.3669569365498251,1.0,-0.3294727128803687,-0.178954595778156,0.40555707209235226,-0.8092756903079034,0.15344020630809999,-0.8969348118304872,0.24302339760161112,-0.8092756903079034
0.07731409467242899,-0.05840193628028707,0.19740722445397668,-0.2300907591583719,-0.8447797167941969,-0.3294727128803687,1.0,0.35573738817664735,-0.530204081035348,0.08531539165449956,-0.42508138759797093,0.19714355698963046,-0.31862973118972876,0.08531539165449956
-0.04621866473471945,-0.0006282128648988514,0.13380495087261024,-0.47972531645574623,-0.42801181933025645,-0.178954595778156,0.35573738817664735,1.0,-0.45337410777295556,0.07009472211727122,-0.198451544728489,0.13357817821815934,-0.4602499327699586,0.07009472211727122
0.06333279386960558,0.02148076388096085,-0.3328292862546857,0.3561233516550159,0.6367994703336114,0.40555707209235226,-0.530204081035348,-0.45337410777295556,1.0,-0.24620175559260637,0.1935717250099327,-0.33240147798834746,0.42317606293278975,-0.24620175559260637
-0.31246104220894727,-0.051607992161988726,0.9690470785158842,-0.11166782278045814,-0.04422519129813179,-0.8092756903079034,0.08531539165449956,0.07009472211727122,-0.24620175559260637,1.0,0.37902464923542495,0.9690765487171016,-0.21295910949599592,1.0
-0.13696702578991488,-0.007680479355069551,0.1804408281086473,-0.041438626399752744,0.47944458538493306,0.15344020630809999,-0.42508138759797093,-0.198451544728489,0.1935717250099327,0.37902464923542495,1.0,0.1805240695392437,-0.044157500856322224,0.37902464923542495
-0.30481061224589584,-0.05173430654493689,0.9999813811832411,-0.11440930190800293,-0.15745675766544123,-0.8969348118304872,0.19714355698963046,0.13357817821815934,-0.33240147798834746,0.9690765487171016,0.1805240695392437,1.0,-0.2203518819538363,0.9690765487171016
-0.050708689168241686,0.0982878641496978,-0.22084368273062577,0.9726677734659994,0.3958764613717871,0.24302339760161112,-0.31862973118972876,-0.4602499327699586,0.42317606293278975,-0.21295910949599592,-0.044157500856322224,-0.2203518819538363,1.0,-0.21295910949599592
-0.31246104220894727,-0.051607992161988726,0.9690470785158842,-0.11166782278045814,-0.04422519129813179,-0.8092756903079034,0.08531539165449956,0.07009472211727122,-0.24620175559260637,1.0,0.37902464923542495,0.9690765487171016,-0.21295910949599592,1.0
0.05909064758783647,-0.0177180224910788,0.5460727553706052,-0.39613354665418776,-0.1573653945817179,-0.5188622719800189,0.23004965121811208,0.19737354583026648,-0.4278997812055438,0.45090804643959614,-0.1070683636289227,0.5459318254060088,-0.4180013198312667,0.45090804643959614
0.013588100236453377,0.05808595535900447,-0.29376284517310985,0.6527018483604041,0.15853431469083282,0.30235295083728153,-0.08653527810028099,-0.39719147679788247,0.2948807078831686,-0.26361594757175427,-0.025832902261021598,-0.29337098741461837,0.6336953620083382,-0.26361594757175427
0.08352956124509126,0.05737581137154186,-0.2624186044311186,0.22962413591021705,0.6786812204746043,0.43884007485997606,-0.5757580853889076,-0.39676895635974835,0.551009022431803,-0.14052105967953038,0.4156048500566385,-0.2616525582644395,0.3005652934077941,-0.14052105967953038
0.003655374530524628,0.035953538173492935,-0.4891448991013163,0.3089945832278889,0.35861579814221617,0.6221536836890508,-0.34890906784722836,-0.20196092411733937,0.48076148038862754,-0.34736885893850733,0.38848587063895856,-0.4889050824068553,0.34972908871744485,-0.34736885893850733
-0.09107542910089027,-0.05098102777297838,0.28130145202670526,-0.17817015168204775,-0.5477334015712916,-0.36514817528478954,0.5196596593521666,0.34884041880600725,-0.46802884146293,0.17441457066697932,-0.3090927666783592,0.2806138302062936,-0.23805732865493653,0.17441457066697932
-0.08711635302627406,-0.004380108897947074,0.2230128713111323,-0.46533322447609915,-0.37613064551982944,-0.2579331452467505,0.2988608266824401,0.9164775214628705,-0.4375527104416625,0.15779196140361346,-0.17445216253462406,0.22274107200870166,-0.4537554220712969,0.15779196140361346
0.031497659026697,0.10615531519712941,-0.3970921935735717,0.3709424555010684,0.49511036196514013,0.48959499783529065,-0.4605381633354385,-0.4105400828099727,0.6680746131340852,-0.2958692264443602,0.23104440740199594,-0.3965124803987648,0.41877047842259096,-0.2958692264443602
0.08293673045466576,-0.021310276692182092,0.5155502249877537,-0.41974671424286564,-0.04931698216166094,-0.4414179772235316,0.12789708017907306,0.15209107464692445,-0.36934757189506606,0.4572806308334764,0.045022138688598744,0.5154604935644208,-0.4292740078286816,0.4572806308334764
0.0751692416682069,-0.026116375414863,-0.16588035237669396,0.004456853785109833,0.4828877879749007,0.372286684100282,-0.4249399680846767,-0.1937164677381039,0.3119503923103137,-0.032356148580964514,0.5631218188539956,-0.16585210891384233,0.05177322442248264,-0.032356148580964514
0.05956450694206535,-0.017402778924573,0.546190989513381,-0.3960236750708152,-0.1573485536364874,-0.5189466222121938,0.22989869892505332,0.19763982903360186,-0.42752946346696163,0.45102827436131926,-0.10713699879515781,0.5460518928570376,-0.41784738269793786,0.45102827436131926
0.016369459796233762,0.07576945449480266,-0.31597382556004244,0.6353084281840459,0.2111032488864782,0.3380065191393758,-0.14099227166526154,-0.38699439733097324,0.33904296239265264,-0.275140950932086,0.0032217050029214158,-0.31547227308376014,0.6308390717952527,-0.275140950932086
0.08293673045466576,-0.021310276692182092,0.5155502249877537,-0.41974671424286564,-0.04931698216166094,-0.4414179772235316,0.12789708017907306,0.15209107464692445,-0.36934757189506606,0.4572806308334764,0.045022138688598744,0.5154604935644208,-0.4292740078286816,0.4572806308334764
0.030117835532673644,0.067233751748711,0.1815886397770888,-0.040251693042134135,-0.013548496264552623,-0.1691149781099045,-0.006062372825682619,-0.08438285774086862,-0.016433543362060613,0.2055852591950847,0.09829913170024338,0.1817769593101338,-0.09129039524651324,0.2055852591950847
