statusN_Rmean=3,statusS_Rmean=3,tempC_Rmean=3,windspeedMiles_Rmean=3,precipMM_Rmean=3,humidity_Rmean=3,visibility_Rmean=3,pressure_Rmean=3,cloudcover_Rmean=3,heatIndexC_Rmean=3,dewPointC_Rmean=3,windChillC_Rmean=3,windGustMiles_Rmean=3,feelsLikeC_Rmean=3
0.868626852173753,0.10425237054303998,-0.3675668368596594,-0.11720824049318677,-0.0354178497281178,0.30996954015104056,0.08192356910053061,-0.03623223458142835,0.035433712977082484,-0.37067752675495175,-0.23533306246352337,-0.36769207640584145,-0.0598320787165473,-0.37067752675495175
0.10894464505599852,0.9247068211927156,-0.10479699250300835,0.008520063535425358,0.000490616970450219,0.0865165313659362,-0.03158788513499081,0.0076720653648504784,-0.016401309684965705,-0.10512885037174427,-0.06204555055450076,-0.10465083234001724,0.021533963572259812,-0.10512885037174427
-0.3365855910601954,-0.09733224497081278,0.9787494883436648,-0.013812325712873165,-0.13547957970363805,-0.9086403488889997,0.20650183408537479,0.01705511195038181,-0.22899615593694367,0.9658672327171105,0.3491367748283829,0.9786943652393008,-0.16469741952953418,0.9658672327171105
-0.13153539225073313,0.006608721416115493,0.11105593478768136,0.9822759366518793,0.3783499713004558,-0.07362334794561469,-0.30621663076204525,-0.4903080190956253,0.3641992338246399,0.1083901220152269,0.0007412118175576025,0.112100289231807,0.9345617674430843,0.1083901220152269
-0.05941967157073824,0.014702189082166374,0.015069546227358305,0.4184955966163266,0.9540154988742249,0.16390330462840377,-0.662745565718673,-0.45247174446884586,0.5868784680605629,0.08559988026345497,0.3688220348202543,0.015819093935170378,0.48589252387840837,0.08559988026345497
0.27783339354586695,0.08004418709744103,-0.8891278175107566,0.051019177099526206,0.3168063275205568,0.9845973201767925,-0.32461865304649185,-0.12405532566213778,0.29595075929381504,-0.8382154162236786,-0.05696931335994144,-0.8889231732713372,0.19858798799399108,-0.8382154162236786
0.058669027732420505,-0.029599657205332114,0.03242890496472277,-0.3454346284473126,-0.7683428388871982,-0.19121370486347106,0.8289158093725495,0.33714533212482256,-0.46419316099083274,-0.03309698721545693,-0.3108890198911904,0.03169938735484833,-0.41137043175316457,-0.03309698721545693
-0.05862605077461618,0.0038389956402809966,0.003080560890696082,-0.4611491577953886,-0.39543695783881766,-0.09718271433114686,0.15917950975569867,0.9937656710277628,-0.4426326844066511,-0.05916175826256954,-0.2060448382571486,0.002423280793667379,-0.4450259935810867,-0.05916175826256954
0.01503059871331065,-0.017042304619572915,-0.18963035379573281,0.3446346280466832,0.5694730521607902,0.2552554724702161,-0.40817287916222617,-0.4456475576778634,0.9890498108622132,-0.1280310191694917,0.11695703111790934,-0.1888612553982898,0.39668660165011,-0.1280310191694917
-0.3335715472766108,-0.09539936701782151,0.9473860352611841,-0.026913747746444526,-0.06907314121343965,-0.839562540187522,0.14832193760841006,-0.031761974107186765,-0.17697264335046634,0.9798841209768,0.4940466263404883,0.947395979046263,-0.1776122478925482,0.9798841209768
-0.21407758843970653,-0.056044116549276865,0.3278621864406497,-0.04585978844325373,0.3273847781984404,-0.04823022193260436,-0.2149542188331445,-0.21028387513904043,0.09321588154409641,0.4716640447244517,0.9588906452672786,0.3281494431997477,-0.09053396503464108,0.4716640447244517
-0.3367638585725552,-0.0973177169426572,0.9787100753072975,-0.013000183991729407,-0.13505129672660066,-0.9085604732542766,0.20591084341409685,0.016552475154482122,-0.2283068053991059,0.9659386609835969,0.34933653736764836,0.9787459814522734,-0.16391062928890904,0.9659386609835969
-0.08369827333977242,0.021877783831924142,-0.017795574971889043,0.9667716710144967,0.473702776410574,0.056630844929870874,-0.39035480016637947,-0.4786078133193331,0.4260386960899801,-0.02133776150455917,-0.038882033643997144,-0.01682591904198043,0.9849695725938118,-0.02133776150455917
-0.3335715472766108,-0.09539936701782151,0.9473860352611841,-0.026913747746444526,-0.06907314121343965,-0.839562540187522,0.14832193760841006,-0.031761974107186765,-0.17697264335046634,0.9798841209768,0.4940466263404883,0.947395979046263,-0.1776122478925482,0.9798841209768
0.9516380288966017,0.10902651773209589,-0.36688686961484757,-0.12292008884076301,-0.04458087331046685,0.3075686388000111,0.08791692119040324,-0.041703554550289214,0.03082383226706275,-0.36673403410731265,-0.23457523176091075,-0.367069999281729,-0.06696079551049518,-0.36673403410731265
0.11049997755111687,0.9706459353283549,-0.10361491454824862,0.009444790633645598,0.0013810711447105526,0.08644426127204263,-0.03330804545935564,0.007311313461908982,-0.015079171863395628,-0.10356701955359346,-0.06190349749370931,-0.10354074554545405,0.02246982892785863,-0.10356701955359346
1.0,0.11164450726686312,-0.36283170368563944,-0.12839748223442699,-0.053867219168247674,0.30236799158706357,0.09490641547979788,-0.04703366350032108,0.026164405229276537,-0.3597195359161557,-0.23133595114063957,-0.36308799113320467,-0.07390913395042163,-0.3597195359161557
0.11164450726686312,1.0,-0.10185813741928644,0.010100451535071123,0.003446201647652612,0.0857515731897873,-0.035196631363655424,0.0065853301135761055,-0.015081767082480173,-0.10128652353044311,-0.06051316313473698,-0.1018207018831555,0.023173012316970998,-0.10128652353044311
0.9537828819471326,0.11237460231203818,-0.3551853777690501,-0.13302042648795603,-0.0628512190096873,0.29409872481567817,0.10103609165248159,-0.05180451408211706,0.02103605896043617,-0.3497484537495302,-0.22592269893529074,-0.35546187237385063,-0.08044155095019098,-0.3497484537495302
0.10889623476359123,0.971193387152009,-0.09940124604477134,0.010224805971759308,0.004718205442784089,0.0836761695980036,-0.03746201690847239,0.005847132320554077,-0.015659150374177786,-0.09846606754145949,-0.05879122676156104,-0.09936822814688004,0.023292870250402862,-0.09846606754145949
0.6700359993744892,0.0970269697646103,-0.2763560045787617,-0.1454877600016401,-0.0994061586539376,0.22074544621404713,0.12726010957684689,-0.06473793811898038,0.0030732526991503945,-0.26139239351195026,-0.16861557984425932,-0.2764814504630635,-0.11012269296263696,-0.26139239351195026
0.08198538538815149,0.7537656630693433,-0.0792892632888836,0.015283496897072034,0.009604686599110243,0.06707387036311481,-0.04829328223552963,0.002409206271620036,-0.01887261887502912,-0.07706073953507292,-0.04292203594783131,-0.07916582889550915,0.026479086672646698,-0.07706073953507292
0.45090039339724636,0.06007466579622,-0.13188330389374425,-0.13609546695780386,-0.123584892442827,0.09615161178920095,0.14434233035028987,-0.06353714594510318,-0.0021536249250811855,-0.1090367527788116,-0.05952436392547065,-0.13199829546435843,-0.13303528539433773,-0.1090367527788116
0.03876826814677915,0.5057147686444787,-0.04717586481927868,0.020853310595578798,0.011827940426464937,0.03923729324570397,-0.06257182751313291,0.0006758649467512981,-0.020263842823946242,-0.04437746821876798,-0.019158613640161727,-0.04700135625619883,0.026761163923398907,-0.04437746821876798
0.06030845892239643,-0.06456504667271047,0.3338923732891649,0.05834395330123393,-0.012723156426141226,-0.31669634979270234,0.057573263308146036,-0.0989223217857094,0.05071838219051347,0.35716928342011833,0.17150763539266872,0.33414253946460104,-0.014205883940158924,0.35716928342011833
0.01544239416756594,0.12678880872587697,0.011573609803833465,0.06421389412060384,0.021695509823006304,-0.02303704243164867,-0.06790428131588568,-0.005935250012560803,0.018297100465818374,0.01469401560785101,0.004696508454423932,0.012146506228624907,0.058406453382922593,0.01469401560785101
-0.06334709521962333,-0.08026523242380745,0.4133940152614513,0.22551696529020984,0.1303813704941817,-0.3803090369183735,-0.07600380926673982,-0.1692834454043666,0.08935542136785168,0.43101719857069454,0.20178989900821886,0.41388117955153836,0.16303745478764378,0.43101719857069454
0.03933690559129355,0.05942352686691585,-0.0030362996895426965,0.07960935050945926,0.029588040014612193,-0.008272243255017698,-0.07270445743608903,-0.007959168000921361,0.04218735480175223,-0.005553895623236125,-0.02015572344482588,-0.0024117684895275516,0.08078957457785099,-0.005553895623236125
-0.007468382510969113,-0.07371657517224402,-0.03599914919208944,0.21371287797207245,0.18941854505592137,0.06380701655443878,-0.1204828218301394,-0.13781578470733863,0.07825053144827754,-0.054218675480920867,-0.017545571603582773,-0.03552825954136416,0.2544718817126575,-0.054218675480920867
0.07177514021199813,-0.01967468398574628,-0.07078462606488942,0.06632845964516239,0.00024083569282251264,0.06271578258835415,-0.06084827401159028,0.0005386357901926121,0.004376113339426604,-0.07245826824366547,-0.05113695056324201,-0.07002808623764505,0.07649494047773381,-0.07245826824366547
0.04785052528650424,-0.019002945635820855,0.01186093671894624,0.132632110988069,0.06892556531642988,-0.01512056816528488,0.02182546313268265,-0.1897538001758694,0.033236557581861635,0.013810171650679883,-0.011867999090739174,0.012355897715760438,0.12919394344205135,0.013810171650679883
0.07142990488257597,-0.01867940477703557,-0.07754861340496522,0.04908984112156756,0.016224993925314644,0.08102477390379843,-0.0623354868692196,0.012574717721206016,0.021772567362191898,-0.08323206350418492,-0.04659091356773485,-0.07717542681986493,0.05934091267034347,-0.08323206350418492
-0.35006029415202566,-0.10014472455931463,0.993162184615333,0.01950347195235354,-0.10299507213134323,-0.9147343118550642,0.18163665213811353,0.011425637881974163,-0.21741728707727215,0.9745416766944645,0.3503664100919737,0.9930830659012007,-0.12689287412076009,0.9745416766944645
-0.12470746192570514,0.00018278526732835423,0.0910647341231632,0.9856226304570648,0.38844782253577553,-0.05661597643739744,-0.30353544404120386,-0.487406059563867,0.36311321607686037,0.08505190318883193,-0.016517180314523535,0.09209389448008469,0.9466006155161775,0.08505190318883193
-0.06918432676654834,0.018900701967467855,-0.046631899628393494,0.4345571714544919,0.9738157830009772,0.21468235867006075,-0.7328712161718073,-0.38196372077132656,0.5779411960180517,0.016779743528560705,0.3310243727048212,-0.04592056426735404,0.5075238687887589,0.016779743528560705
0.29184959772607927,0.08291904400008629,-0.9036574563700288,0.018361578900645655,0.2858051488480287,0.9959906969805725,-0.29903209080724247,-0.1158399829812837,0.2847609099143415,-0.8492004029725486,-0.058233057222763146,-0.9034827774018261,0.16259244488794125,-0.8492004029725486
-0.002822254554352514,-0.0017597751182462345,-0.023179371441548552,-0.29254428320558584,-0.660280352634881,-0.11265398716302377,0.5637057594438775,0.4265629454022135,-0.42056347263486854,-0.08045667146128782,-0.2389857064362431,-0.023852533548729866,-0.35730622473243634,-0.08045667146128782
-0.0527546381640209,0.005173158671229993,0.008007854200699147,-0.4668117889586595,-0.40037146160060516,-0.10276274059375647,0.16426333045034683,0.9975442979623292,-0.4434162501481625,-0.05345426812451139,-0.206823691649177,0.007349791821413429,-0.4531979862791591,-0.05345426812451139
0.020518781572765366,-0.016139790848262506,-0.2001618515780841,0.3499407606203039,0.5750670791398222,0.2655693235451331,-0.4106422635460889,-0.4449598407170629,0.9971130652041098,-0.13952591091604347,0.11097962078752503,-0.19938808925697662,0.4047743543560911,-0.13952591091604347
-0.34926136183953926,-0.09845017799337552,0.9649184524153755,0.00882159740202849,-0.035976233786273674,-0.8491441960935904,0.12218866511698753,-0.03782723165626126,-0.16601968157235145,0.9943218807119198,0.49828094382226434,0.9649420502217144,-0.13819897092426514,0.9943218807119198
-0.223610281436083,-0.058600152586601985,0.34109247867625425,-0.032988585277766685,0.3412606289167795,-0.05396849616270585,-0.2240712586204817,-0.20913715907890593,0.09847352869714988,0.48586786452449265,0.9839483499651218,0.3413901396519835,-0.07803349527091731,0.48586786452449265
-0.35026552009836703,-0.10015633169801902,0.9931065930437207,0.020330594761541355,-0.1025520551802696,-0.9146355479853783,0.18104747857992393,0.010922436218762554,-0.2167154172278149,0.9745997858397827,0.3506063150890456,0.9931613361612354,-0.12609671767869632,0.9745997858397827
-0.08047474126728547,0.023555231789981902,-0.055414059792921605,0.9669542062574991,0.4808558503233061,0.09519509383055336,-0.40422457983833104,-0.4683208500026866,0.4210679361947483,-0.06151471495782415,-0.04962276411037248,-0.054436836764738226,0.9952666177905999,-0.06151471495782415
-0.34926136183953926,-0.09845017799337552,0.9649184524153755,0.00882159740202849,-0.035976233786273674,-0.8491441960935904,0.12218866511698753,-0.03782723165626126,-0.16601968157235145,0.9943218807119198,0.49828094382226434,0.9649420502217144,-0.13819897092426514,0.9943218807119198
-0.36283170368563944,-0.10185813741928644,1.0,0.05045981269127234,-0.07207329759161439,-0.9119248973259516,0.1498377968844103,0.013324475174885653,-0.21060435520786375,0.9744473512535576,0.3508044620169409,0.9999115524063086,-0.0910218225328873,0.9744473512535576
-0.12839748223442699,0.010100451535071123,0.05045981269127234,1.0,0.3983654665720411,-0.009869459935901135,-0.3365182539570068,-0.47190797308284294,0.35537246745844325,0.042102516802423696,-0.019831117084912902,0.051477794163218314,0.962783925361951,0.042102516802423696
-0.053867219168247674,0.003446201647652612,-0.07207329759161439,0.3983654665720411,1.0,0.2543436332685218,-0.7049225126914788,-0.4049049901167507,0.578488305202069,-0.0028136802810528852,0.3544256559123104,-0.07151302632537473,0.4799018100387827,-0.0028136802810528852
0.30236799158706357,0.0857515731897873,-0.9119248973259516,-0.009869459935901135,0.2543436332685218,1.0,-0.27339374524044785,-0.10921916936511421,0.2754480637369701,-0.8537290854342978,-0.05777986526622105,-0.9117709666676231,0.1293001843642233,-0.8537290854342978
0.09490641547979788,-0.035196631363655424,0.1498377968844103,-0.3365182539570068,-0.7049225126914788,-0.27339374524044785,1.0,0.16882525974805823,-0.41158742861565667,0.10121532944950737,-0.2327863048630389,0.14917803245839495,-0.4043878756201749,0.10121532944950737
-0.04703366350032108,0.0065853301135761055,0.013324475174885653,-0.47190797308284294,-0.4049049901167507,-0.10921916936511421,0.16882525974805823,1.0,-0.44446411443642375,-0.04710693025637459,-0.2075894374908703,0.012663027247670256,-0.46076564091954036,-0.04710693025637459
0.026164405229276537,-0.015081767082480173,-0.21060435520786375,0.35537246745844325,0.578488305202069,0.2754480637369701,-0.41158742861565667,-0.44446411443642375,1.0,-0.15109085463220984,0.10423721626953371,-0.2098274805616107,0.4128440584990654,-0.15109085463220984
-0.3597195359161557,-0.10128652353044311,0.9744473512535576,0.042102516802423696,-0.0028136802810528852,-0.8537290854342978,0.10121532944950737,-0.04710693025637459,-0.15109085463220984,1.0,0.49460778841590297,0.9744686700647293,-0.09951018380605889,1.0
-0.23133595114063957,-0.06051316313473698,0.3508044620169409,-0.019831117084912902,0.3544256559123104,-0.05777986526622105,-0.2327863048630389,-0.2075894374908703,0.10423721626953371,0.49460778841590297,1.0,0.3511006920542481,-0.06464102453101483,0.49460778841590297
-0.36308799113320467,-0.1018207018831555,0.9999115524063086,0.051477794163218314,-0.07151302632537473,-0.9117709666676231,0.14917803245839495,0.012663027247670256,-0.2098274805616107,0.9744686700647293,0.3511006920542481,1.0,-0.09004353514181318,0.9744686700647293
-0.07390913395042163,0.023173012316970998,-0.0910218225328873,0.962783925361951,0.4799018100387827,0.1293001843642233,-0.4043878756201749,-0.46076564091954036,0.4128440584990654,-0.09951018380605889,-0.06464102453101483,-0.09004353514181318,1.0,-0.09951018380605889
-0.3597195359161557,-0.10128652353044311,0.9744473512535576,0.042102516802423696,-0.0028136802810528852,-0.8537290854342978,0.10121532944950737,-0.04710693025637459,-0.15109085463220984,1.0,0.49460778841590297,0.9744686700647293,-0.09951018380605889,1.0
-0.36669976954095523,-0.1033934775450821,0.9941382150967537,0.07877470712878694,-0.040424236643478884,-0.9042427179178828,0.1277540780366539,0.006223941957641724,-0.19899234816725295,0.9658418557019726,0.342204699407278,0.9940569595037428,-0.05512915008147307,0.9658418557019726
-0.11413391597169575,0.00463090408648713,0.028396564868136867,0.9874861166167564,0.3917967001818986,0.003894034608535634,-0.3073483336448853,-0.4857402067944345,0.35200177924718357,0.017066095875260808,-0.04465449675992705,0.029416891754860317,0.9642471818148559,0.017066095875260808
-0.028996100340279485,0.011470815126952643,-0.07572456105476884,0.4044097485303401,0.9660745920007205,0.253810050346451,-0.660170930669819,-0.4413219473510265,0.5796924089420917,-0.00879834918915567,0.32947533011744096,-0.07504943098230206,0.4920318177353348,-0.00879834918915567
0.3088587811542144,0.08684792151113535,-0.912703973481103,-0.03869299417375522,0.22332929686711286,0.9961028176535058,-0.24913767040707904,-0.10112077692201855,0.26432834274893663,-0.8510046941035682,-0.05427310940248335,-0.912566429730733,0.0944679810917989,-0.8510046941035682
0.08718675468095623,-0.0409029588027103,0.17206209701109765,-0.3162376708359102,-0.7256055995361391,-0.3094320825204225,0.9523901042827795,0.18778928068120995,-0.40925934323773355,0.11626534257918483,-0.2712423599036442,0.17150611089888684,-0.38767094513220873,0.11626534257918483
-0.04136943057878146,0.007543027168292544,0.019249919744548274,-0.47585277127105713,-0.40860944698352164,-0.11664560058436989,0.17159172771495357,0.9978132245976904,-0.4455738642872692,-0.040091552561866285,-0.20827174964689757,0.018585275866371678,-0.46717303137531063,-0.040091552561866285
0.030834728384178254,-0.014668755353991876,-0.22298250704283934,0.3593640743422225,0.581619270610324,0.2875120302778905,-0.41460786692133195,-0.4425079339571233,0.997223197618986,-0.16420324805101483,0.09979648689865003,-0.2222085583300753,0.4195373769283673,-0.16420324805101483
-0.3693853772553404,-0.10294954645475231,0.9743888536321447,0.07485392210473314,0.03104744542668003,-0.8481569515143955,0.07250313629491209,-0.052192323559288,-0.13877812389662705,0.9948081344538111,0.4891726192193247,0.9744301462036083,-0.0602984884540882,0.9948081344538111
-0.23657414776798347,-0.06139898739561719,0.35493997833015634,-0.0064931467894132665,0.3679261554975124,-0.05890712240642014,-0.2405593584543153,-0.20627016081131477,0.11075014940691545,0.4968563315927428,0.9855402594117574,0.35519695735241985,-0.04985721202756966,0.4968563315927428
-0.3667963043071527,-0.10330052604034198,0.9940810937302482,0.07963866834593476,-0.03993097806838792,-0.9040846678439041,0.127130612590547,0.0057029191030284615,-0.1982672040719343,0.9658490094926072,0.34245502623709095,0.994136411277559,-0.05431593084460432,0.9658490094926072
-0.06276502785159062,0.02257115285918474,-0.12251634697723682,0.9512131896170433,0.47221964212948353,0.1563956367628484,-0.38929630890935235,-0.4626005920496061,0.40374434048302216,-0.13319266267054047,-0.08418291654554425,-0.1215408006704871,0.9945932463380263,-0.13319266267054047
-0.3693853772553404,-0.10294954645475231,0.9743888536321447,0.07485392210473314,0.03104744542668003,-0.8481569515143955,0.07250313629491209,-0.052192323559288,-0.13877812389662705,0.9948081344538111,0.4891726192193247,0.9744301462036083,-0.0602984884540882,0.9948081344538111
-0.35026508018557434,-0.10061576541574709,0.8949164267816685,0.16295776398425327,0.07197704650191095,-0.807641788840368,0.040647570609482396,-0.0077860381017159416,-0.1605148400772941,0.8523792445404063,0.2681447900010278,0.8948661305990533,0.07041873313119341,0.8523792445404063
-0.08865145606635282,0.009300790978632862,-0.12024703134157816,0.9313031059199673,0.4023993873101099,0.15172327269407937,-0.33222315157372745,-0.4445365237672231,0.3258370682456158,-0.1371206779271508,-0.08647274855397698,-0.11927422942699475,0.9438990647462192,-0.1371206779271508
0.01779298732935838,0.009013373508665743,-0.20884149345065398,0.35822715867212396,0.8987694178678877,0.3811221103467355,-0.6183408531759574,-0.4224551338299627,0.5598235117860413,-0.1434414216061655,0.27793231070011154,-0.2082897980717443,0.4657855208923085,-0.1434414216061655
0.30598208979085995,0.08498256248296347,-0.8490076093245663,-0.12081973938525714,0.1144576121759765,0.9143292076650351,-0.1577865218912231,-0.08353799617325333,0.23112835163967643,-0.772450726132132,-0.014436368708642903,-0.8489021258644622,-0.02343592927324981,-0.772450726132132
0.05551648977367385,-0.03342759521976866,0.26794478458978116,-0.29011661902124675,-0.7096832661549635,-0.403275656456939,0.8188357609432783,0.19305882968724575,-0.41419842294366305,0.21318487573041886,-0.23406105695379842,0.26742359771163987,-0.376463970431381,0.21318487573041886
-0.023978919032669094,0.01080286555369009,0.049244125044704115,-0.48140466867969056,-0.4164873517417529,-0.151773803281629,0.1758932782128868,0.9810817109911129,-0.44824308629928905,-0.004674072213644293,-0.20692306207642963,0.048558466321726876,-0.48172288062352525,-0.004674072213644293
0.0490970404680249,-0.017005154901276937,-0.2697918382763099,0.3666165981592264,0.5803416913539322,0.33203651171850834,-0.41606206484651304,-0.4373470732973433,0.943709074946881,-0.21340789048654862,0.0863195588588634,-0.2690649660249179,0.4362025537025083,-0.21340789048654862
-0.36662839275373893,-0.10209404399712037,0.8957285827901493,0.17278408070585458,0.14921571805242576,-0.7637755886557249,-0.023173441444810653,-0.06469978266064985,-0.0970249238915884,0.8904607354605414,0.41178724305976544,0.8957534554227072,0.0778232746307371,0.8904607354605414
-0.2252197404095718,-0.05374157514116384,0.3276766418433948,0.043930112310669796,0.42008868033862484,-0.035957265577284,-0.2738979364351045,-0.20276369307633368,0.14346672503672417,0.45115261168416015,0.868899065361825,0.3277832328209249,0.01570122946830747,0.45115261168416015
-0.350040074664692,-0.1003168787672852,0.8948770253346618,0.16372676343329937,0.07248623421514593,-0.8073702184819791,0.040036789337442584,-0.008275543785855549,-0.15987126515151281,0.852382350664273,0.26836410305841646,0.8948513779366746,0.07115070675384337,0.852382350664273
-0.02509648305031201,0.023073592773323257,-0.27591807899185294,0.8651429465785565,0.4459541128020997,0.300668729187959,-0.3680427549916185,-0.4223622957076772,0.36997667779468607,-0.28894894237504376,-0.12935569130831817,-0.2749726620560042,0.9294942849517396,-0.28894894237504376
-0.36662839275373893,-0.10209404399712037,0.8957285827901493,0.17278408070585458,0.14921571805242576,-0.7637755886557249,-0.023173441444810653,-0.06469978266064985,-0.0970249238915884,0.8904607354605414,0.41178724305976544,0.8957534554227072,0.0778232746307371,0.8904607354605414
-0.2850111141106728,-0.0884498653466942,0.6965733219321014,0.19028470503824396,0.14685552896971268,-0.6246021512507287,-0.020433946301631468,-0.006334324737407298,-0.1365084878896013,0.6386331626249664,0.1510898175131719,0.6964037851661931,0.15228310042030588,0.6386331626249664
-0.032188496436811306,0.017148452400580046,-0.2761658811182533,0.8143724889971116,0.36924510452741105,0.296547731976472,-0.30331246690430735,-0.4075106515660439,0.2947792320024252,-0.29202328807353456,-0.13057257296839436,-0.2752251571358358,0.8557275263535998,-0.29202328807353456
0.06548862849544311,0.01617196811527859,-0.35182119682572954,0.3071979684819318,0.7916264706624488,0.5067861973853256,-0.5679869559890723,-0.36651784857925723,0.5211962196000461,-0.28762173790152545,0.21492702682280915,-0.35131214986839504,0.4246927216738423,-0.28762173790152545
0.2641104430594192,0.07790447091216758,-0.6939682650316706,-0.14640812245917645,0.03840472042686043,0.747780676766902,-0.09028298836855911,-0.08426371730936107,0.21320233072531852,-0.6047087842032934,0.0547276566417972,-0.6938040220877042,-0.09712805895109253,-0.6047087842032934
0.02035588914197711,-0.0206191388562952,0.3223824428643355,-0.18666610969580233,-0.6575968738186916,-0.47128879590842876,0.632432149070174,0.18776156379720513,-0.39976202997303273,0.2601922482831847,-0.2489812529439045,0.32199979256083494,-0.27950181702251364,0.2601922482831847
-0.02138891675485912,0.010008410517466476,0.08971738315183315,-0.4722615937779319,-0.4150385592701944,-0.192243109927902,0.17082223169928534,0.955138896150803,-0.4498795948021734,0.04076680493946386,-0.1929290277275628,0.08900138024679045,-0.4802429880566077,0.04076680493946386
0.06496169675258898,-0.018768989591394898,-0.3129782696056939,0.3604016549884727,0.5606259778371941,0.37412054910689313,-0.40455784104628734,-0.4266736904684887,0.8508044538660637,-0.2587249280493673,0.07988152232584353,-0.3123067897939621,0.4351325925057119,-0.2587249280493673
-0.3095207307298808,-0.0931320670719848,0.7090038402098796,0.21428796379113302,0.23074837540586546,-0.5891006211420667,-0.09225071630041613,-0.060628011340569,-0.0687918062984913,0.6797795042245798,0.2811338724341783,0.7088845880941624,0.17394239259122873,0.6797795042245798
-0.17382143246804413,-0.04045987352097217,0.2397451435983909,0.0824991499244452,0.45911740230394354,0.028135505414726206,-0.30244598242955617,-0.20531585304799221,0.18000450078177557,0.3410389533203208,0.6962410081868782,0.23967070848839597,0.07942039424922807,0.3410389533203208
-0.28486427671933884,-0.0882374444604252,0.6964565005594511,0.1909577234408093,0.14743487526143836,-0.6242107587169743,-0.02102166184466964,-0.00687087114874291,-0.13592390777099625,0.6385718890078149,0.1513557236861919,0.6963020924340586,0.15299032473970528,0.6385718890078149
0.03391948897849458,0.0314542708806614,-0.4212165503421068,0.7329867546087733,0.38792383502686517,0.43416704403049,-0.3201526298421283,-0.376845372592657,0.33068524544449235,-0.42971183732156143,-0.16289201159515182,-0.42030494973470023,0.8086680858644647,-0.42971183732156143
-0.3095207307298808,-0.0931320670719848,0.7090038402098796,0.21428796379113302,0.23074837540586546,-0.5891006211420667,-0.09225071630041613,-0.060628011340569,-0.0687918062984913,0.6797795042245798,0.2811338724341783,0.7088845880941624,0.17394239259122873,0.6797795042245798
0.06879949343489292,-0.01972275242090829,-0.11475893781779278,-0.08402600510119074,0.05844379937969061,0.0995598632038353,0.038986758687207454,0.11074141382909389,-0.1941833183152197,-0.19451589910787023,-0.2214568443598334,-0.11540148308067127,0.02111124284569596,-0.19451589910787023
0.17585793292675356,0.07221509515683958,-0.5994797650914118,0.40219459339195035,0.15837557605101923,0.5846973140932075,-0.12874819260217943,-0.3130606096609471,0.21779306050991196,-0.5807317281309471,-0.190210594532153,-0.5987013450586134,0.46473459139137524,-0.5807317281309471
0.18102220828563714,0.029439535298845076,-0.4661938522263047,0.09260427357028357,0.4889575619500668,0.5945145698990416,-0.2649778224930132,-0.3608370733154728,0.42960475153365957,-0.3830656373898316,0.16469703951059206,-0.4655775600116945,0.19004459666507026,-0.3830656373898316
-0.025369453942815964,0.02108981092022841,0.013659146481031706,0.1017271056889921,0.09089371068462763,0.06903252623773816,-0.1216361223154706,-0.19438909938366553,0.2653581228957792,0.11897823016592371,0.32160220711839077,0.01421440597556308,0.020584282305555507,0.11897823016592371
-0.14064559321928571,-0.06529805811135446,0.4816294704026227,-0.08436157235118516,-0.29775478761539725,-0.5555992726121308,0.2459757697084584,0.1887652513953533,-0.3531209260559343,0.42337138579652395,-0.03546138763083641,0.4809148956647197,-0.15622186808183797,0.42337138579652395
-0.12056945685920047,-0.013943205452608496,0.23170903449163655,-0.40570825891866097,-0.373975256536542,-0.3084360835546556,0.13741920160150964,0.9072737953138456,-0.4443344835456588,0.17992345967333703,-0.11624408993936651,0.23099247283231186,-0.4288470157682169,0.17992345967333703
0.09760493736018781,0.014174637920729791,-0.3771116732676455,0.2931419342756849,0.44315448512477273,0.43730086652224004,-0.3256935583811411,-0.3910364253375264,0.5971187190605687,-0.3170621239377631,0.08433681330161011,-0.37633446845566054,0.3569097232008008,-0.3170621239377631
0.06407009708395367,-0.028823516247971914,-0.12738952109509238,-0.02514442148251274,0.16211559046231971,0.15042222792532892,-0.04311855437655648,0.052497920459805385,-0.11078015476777385,-0.19330834416457646,-0.15533182258348538,-0.12796360393733647,0.08579271439055992,-0.19330834416457646
0.08081829675272113,-0.0023036579678038277,-0.18074488881879108,0.07545462072955512,0.4335413920890131,0.35066925446874664,-0.290063046250507,-0.20389043602457255,0.22018906339570518,-0.12532142737176974,0.2526709125643516,-0.18115147549550525,0.14625997006248534,-0.12532142737176974
0.06881842917855337,-0.019654897548112147,-0.1151973698960971,-0.08355468546936189,0.05887695342493516,0.10019794929734761,0.038459355546205866,0.11032169535101752,-0.19355883172000543,-0.19494125198220139,-0.22143104959911047,-0.11583469679810708,0.021690320622429326,-0.19494125198220139
0.20022260503275954,0.07282385816014744,-0.62656061869189,0.3375677376316638,0.1445570837053651,0.6083686647491511,-0.12081305722589523,-0.29338356941271126,0.24313857271740968,-0.5932629828981917,-0.1707459049678917,-0.625748223389329,0.3985052860612343,-0.5932629828981917
0.06407009708395367,-0.028823516247971914,-0.12738952109509238,-0.02514442148251274,0.16211559046231971,0.15042222792532892,-0.04311855437655648,0.052497920459805385,-0.11078015476777385,-0.19330834416457646,-0.15533182258348538,-0.12796360393733647,0.08579271439055992,-0.19330834416457646
0.28478695348800964,0.022616652387583685,-0.43700911888187133,-0.4024127381216632,-0.17909801502203385,0.357520484023032,0.2362213617515145,0.21273386172050182,-0.2892786598434872,-0.5043489858587153,-0.3553599422031252,-0.4378353272285665,-0.2811854678011043,-0.5043489858587153
0.19029100383813086,0.07919253246572486,-0.5394513379430136,0.25606035670907235,0.027734071484051936,0.5240966415816736,-0.021752095506041402,-0.3027794343937822,0.2000693013122708,-0.49136197297860545,-0.12048977012713127,-0.5387482074989628,0.28547535712442773,-0.49136197297860545
0.1644091295671479,0.03883924339161637,-0.34552755033687715,0.04916894021228504,0.3783225751419917,0.46185774999634616,-0.18686976806702757,-0.35824537208774426,0.3998335445499111,-0.24905260049935574,0.21736313140109825,-0.3445884333856662,0.10185601060901606,-0.24905260049935574
-0.239157731199763,-0.023718218904214085,0.33509141118682834,0.38600314146543774,0.30105703273075973,-0.20278652884013898,-0.29672326835017554,-0.28307279722642803,0.34924453527003657,0.42707639220312393,0.44732088146992544,0.3358942929452114,0.28485256168214973,0.42707639220312393
-0.14780452825971704,-0.07976865372813538,0.3706522478609747,-0.01875329720609684,-0.2480107995881104,-0.45776419582741745,0.17479254795051904,0.21349337160073617,-0.3487620919902732,0.28270045309851344,-0.17678928486542117,0.3697781422416977,-0.05545329868792473,0.28270045309851344
-0.1529904592874669,-0.025249129178458157,0.25715793844158075,-0.3649887218727685,-0.3272607599644089,-0.325824581069428,0.10529721227190486,0.9000625067073882,-0.4262081183734622,0.194228177432286,-0.11961573340443651,0.2564890414815224,-0.38471149755503803,0.194228177432286
0.0940968826811058,0.05576145776902784,-0.353514465545146,0.26421958579303145,0.38306660918937857,0.41783977514701715,-0.291289139464062,-0.39404018358467935,0.5313785109833187,-0.2773907295509824,0.11925081543990519,-0.3526772039778361,0.30947746534696624,-0.2773907295509824
0.29918562800853055,0.01688968524605114,-0.49721803118727376,-0.34590977326600175,-0.07759678482884588,0.4480131292789818,0.1558932450106166,0.15661250165846766,-0.21120190405182301,-0.554042627897473,-0.3162071104823045,-0.497982538786394,-0.2115812630406098,-0.554042627897473
0.17328079638474117,0.0012862576885128724,-0.3560234614087261,-0.02965903532253175,0.3303034495276634,0.475407672205614,-0.20006933470333738,-0.15563412325230838,0.1831573856279272,-0.31931428533955175,0.1094516841492898,-0.35640198509203375,0.05409917417935076,-0.31931428533955175
0.2850391299910602,0.022475595435502267,-0.4375923936398197,-0.40208272199156175,-0.17883807850242653,0.35817270126630085,0.23582250620314446,0.21243591326501549,-0.2887460188951023,-0.5049284305087828,-0.3556389071149521,-0.4384190185454708,-0.28076892124385583,-0.5049284305087828
0.16883535693145646,0.07300267816058394,-0.47554352991644394,0.23879581632034247,0.02982569907371464,0.46953426205727533,-0.02775639688040307,-0.3012343364828263,0.229946693402684,-0.4117209835600504,-0.05522564886766279,-0.474717200232148,0.2530070398116551,-0.4117209835600504
0.29918562800853055,0.01688968524605114,-0.49721803118727376,-0.34590977326600175,-0.07759678482884588,0.4480131292789818,0.1558932450106166,0.15661250165846766,-0.21120190405182301,-0.554042627897473,-0.3162071104823045,-0.497982538786394,-0.2115812630406098,-0.554042627897473
0.22776302330546433,0.022505377738068193,0.04663993438731688,-0.6096697284473568,-0.4551970709898033,-0.14415141040259608,0.4784696860861183,0.21495741222973525,-0.3690563996909461,0.03931507362935632,-0.11447099401028703,0.0460506479687068,-0.6437134718453293,0.03931507362935632
-0.012972343507523269,0.013922929677836478,-0.03911826994953856,0.4364503140794295,0.0708142146332928,0.0604387573954155,-0.04930049168364145,-0.3796913964605377,0.26764291347795444,0.017440143437865204,0.06704043426146251,-0.03839101000519309,0.38310623129841975,0.017440143437865204
0.006025570970182129,0.020065393612066006,-0.020350736811212657,0.22060785361042495,0.45970462339175866,0.16296052735695496,-0.2694819874873972,-0.4382934430048423,0.44607866670136637,0.08773847803143603,0.38978281141960985,-0.01915944919375922,0.22813784624498187,0.08773847803143603
-0.20693352986573768,-0.04004014155235156,-0.048789791379709915,0.5775073357976849,0.5909806581729602,0.2051139324783722,-0.5470761920687313,-0.2854706774098189,0.4339762086281243,-0.012067917641292574,0.26825712470029783,-0.04799428144531163,0.6134950514936461,-0.012067917641292574
-0.02173565472754206,-0.013330256751307222,0.02115474602718812,-0.17429727292849276,-0.37219397417868466,-0.13964557632273558,0.2282041590075245,0.3308092167377881,-0.396343398049059,-0.07705471556066672,-0.34100226120402366,0.020222545137637025,-0.17357167034495577,-0.07705471556066672
-0.09218870381884714,-0.01392614086375826,0.12577889209066437,-0.37773959447678596,-0.2936233410929208,-0.20343783267087592,0.07831988927887899,0.8860229629063819,-0.413213752614518,0.05626295476974339,-0.17952333489767022,0.12503480268050063,-0.37007658365917795,0.05626295476974339
-0.004522117658003432,0.0771512267313707,-0.22933821236762816,0.3079146657064531,0.3839976420877343,0.31574748570661415,-0.32374963719023836,-0.41465272139384657,0.5419261034971443,-0.14077397464088404,0.20395658602497296,-0.2283635942745999,0.33034473369697376,-0.14077397464088404
0.2546546691977194,0.024611046175204945,-0.04139589255287916,-0.6022497449298583,-0.38958575973169923,-0.03154766821254329,0.42915610398392134,0.17316818922043337,-0.31366688932628045,-0.03089299353188493,-0.051320725087255,-0.041914751351918064,-0.6262729990080215,-0.03089299353188493
0.12829643274279573,-0.011147882221138458,-0.181318457787939,-0.1158632175366067,0.2545913358710659,0.2824588025400913,-0.13253633239665427,-0.1545582497538177,0.15946486400773846,-0.10942056113847268,0.28864337781353927,-0.18107763008149902,-0.0950408251018483,-0.10942056113847268
0.2279786550751975,0.022405208069978685,0.04644054412540723,-0.6094475927732134,-0.4552244660973306,-0.1440432328872663,0.4783347432793593,0.21489143844518174,-0.368731282932987,0.03912152930137553,-0.11474615566985323,0.04585212779140088,-0.6435020196214569,0.03912152930137553
-0.06779994421285486,0.009454784027090062,0.0361365008138104,0.48264928688748987,0.13990802090666324,0.007869189965685846,-0.10994344428739365,-0.38938411111572335,0.3155240610795772,0.09842337921801675,0.1332491601137191,0.0370358635391446,0.42712049568275173,0.09842337921801675
0.2546546691977194,0.024611046175204945,-0.04139589255287916,-0.6022497449298583,-0.38958575973169923,-0.03154766821254329,0.42915610398392134,0.17316818922043337,-0.31366688932628045,-0.03089299353188493,-0.051320725087255,-0.041914751351918064,-0.6262729990080215,-0.03089299353188493
0.04914640353299563,0.0030816487484253163,0.31772068034521733,-0.3281947558455695,-0.15572816019989857,-0.3652233711515696,0.3106443154708653,0.062200968015496634,-0.2977302733458129,0.2694843917627449,-0.07170375441239343,0.3174918080613059,-0.33647007099447707,0.2694843917627449
0.005091610811911883,0.007591575303832066,-0.18471321924921555,0.4206409522086736,0.17022733572724474,0.2087717109789781,-0.12590157515924674,-0.2980752663521631,0.2444767337208406,-0.15087756142759734,-0.011573318798251832,-0.1842292207313474,0.43040879325327264,-0.15087756142759734
0.01963985836814786,-0.025742884522830908,-0.1722075983910822,0.21751563002345164,0.44825942134857705,0.2887320924347403,-0.2584454869621326,-0.3842192704127521,0.4182183892272146,-0.08805719852625457,0.26871615253836345,-0.1713285690646245,0.2649532853957857,-0.08805719852625457
-0.030051398142805313,-0.028476365969947445,-0.32573866992623074,0.25882067521444846,0.33631317142394423,0.44146454898678333,-0.4113076901559324,-0.13092058225890998,0.35130273645426524,-0.24697985433406153,0.2589690058681022,-0.3254380793988664,0.2851193382575138,-0.24697985433406153
-0.04556833488073539,0.006172587394794763,0.1528843872992814,-0.20808122648413194,-0.3227876867726843,-0.23965639129019078,0.18241219274928946,0.28221745042045665,-0.3337062899391728,0.08870297473764138,-0.1785850443626265,0.15208278297419955,-0.24474506939199306,0.08870297473764138
-0.055939652997688674,-0.0036137836504952425,0.1243533999631655,-0.39404983373334695,-0.2925816568364233,-0.20979672440566172,0.09483864746171035,0.7640955980275629,-0.398066989613014,0.06403641835307763,-0.1697601647448949,0.12370910504695123,-0.40183039590895286,0.06403641835307763
0.001939942624986758,0.019791054192438477,-0.2615570179787433,0.304386179891178,0.3635749672158177,0.3506019801405704,-0.2972699437010723,-0.3470165268568312,0.4556140895279397,-0.18568586171336085,0.1805329902828021,-0.26089016747882304,0.3316403306545866,-0.18568586171336085
0.05744204353099854,-0.00563999605574566,0.2900303273586289,-0.33374577222819873,-0.07636468309904842,-0.3070001271950559,0.25299055416086663,0.01946530787031313,-0.25128279047524843,0.26197834359027283,0.027215275067817214,0.28984650118424876,-0.33532707205484596,0.26197834359027283
0.015788758371536496,-0.04133752348479321,-0.13734570630103798,0.06490487576069395,0.39595173780025944,0.27998958829499837,-0.2877513345847065,-0.2106718541869246,0.26125009386543874,-0.05709499413263578,0.37520800374407237,-0.1369377544957454,0.09445569144601211,-0.05709499413263578
0.049511090661595515,0.0038011994293440507,0.3179369709810369,-0.32831923443975475,-0.15592887683847828,-0.36549972288175275,0.31055747119156535,0.06283327690159657,-0.29747274160766257,0.26972629383604985,-0.07157093923314263,0.31770796372463483,-0.33647085948096817,0.26972629383604985
-0.0012665231845983022,0.0005820020176966078,-0.19651153092597662,0.41929296991491627,0.20181794874287062,0.2269983659280662,-0.15191249265874707,-0.2928175681188902,0.27109788689893055,-0.15722937089302907,0.005410251111098968,-0.19605658753632108,0.43716557510232074,-0.15722937089302907
0.05744204353099854,-0.00563999605574566,0.2900303273586289,-0.33374577222819873,-0.07636468309904842,-0.3070001271950559,0.25299055416086663,0.01946530787031313,-0.25128279047524843,0.26197834359027283,0.027215275067817214,0.28984650118424876,-0.33532707205484596,0.26197834359027283
0.883423361144612,0.10497576709625954,-0.3678678902663592,-0.1184048138825877,-0.03693374207284686,0.309858189513523,0.08305373515770761,-0.03685695331378112,0.034765216696062404,-0.37041296267612395,-0.23550770334170001,-0.36800876949828665,-0.06124766171888921,-0.37041296267612395
