statusN_Rmean=2,statusS_Rmean=2,tempC_Rmean=2,windspeedMiles_Rmean=2,precipMM_Rmean=2,humidity_Rmean=2,visibility_Rmean=2,pressure_Rmean=2,cloudcover_Rmean=2,heatIndexC_Rmean=2,dewPointC_Rmean=2,windChillC_Rmean=2,windGustMiles_Rmean=2,feelsLikeC_Rmean=2
0.9512388679986639,0.10778806946387252,-0.3627578093578112,-0.11412432450945995,-0.04921522632454434,0.30637768332142745,-0.01455687499926355,-0.04167335023512956,0.03066164338911532,-0.36806927555313657,-0.23310492751118925,-0.3628777103442838,-0.06718690964037588,-0.36806927555313657
0.11102967343052757,0.9713256122110931,-0.10419239910632665,-0.0010075524710515768,0.014447262152255615,0.08554424653118328,0.0023248739675383627,0.006621745768703088,-0.016152475125557123,-0.1037057666545385,-0.061845455944101714,-0.10414233900403494,0.021922840194125943,-0.1037057666545385
-0.34895174525240463,-0.10053723090022597,0.993706449870969,0.03484914662643913,-0.1135439029952658,-0.9146467654015912,0.004877194870308609,0.010674838087439947,-0.2178042080705999,0.9730543023354608,0.34862171067900394,0.9936416429576087,-0.1270310962794051,0.9730543023354608
-0.1274856176295617,0.006023815926382746,0.08723023026353205,0.9911102374414044,0.41668935023398884,-0.05034934119429732,-0.3115716874634961,-0.4871696454185423,0.3603215206068526,0.07929131022012588,-0.012389309015093646,0.08808107577784158,0.9487757879721943,0.07929131022012588
-0.049280917508072807,0.012790019249580306,-0.011599116358152233,0.4230469311214119,0.965267086304116,0.1939996675250881,-0.7411525859310234,-0.4491732404860325,0.5855796483993092,0.052148799439544646,0.35498705184969115,-0.010977788660677914,0.49243711073775126,0.052148799439544646
0.2904920566426287,0.08264979435773159,-0.9061215106549622,-0.0005531550351284242,0.27973620657400944,0.9958980167974731,-0.15427130505109013,-0.11612670179233371,0.28571357658875324,-0.8476970587921986,-0.05826476471986218,-0.9059743022545685,0.16311787595285646,-0.8476970587921986
0.052967850794696056,-0.02670761149069589,0.05438701405967248,-0.348170407948491,-0.773017539537734,-0.21640732364394372,0.85682871514939,0.3350685290244492,-0.46216529043478954,-0.007164198850080096,-0.3025013094164541,0.05376477197479874,-0.41572917146399724,-0.007164198850080096
-0.05307101949411262,0.00488572627350955,9.13856293542679e-05,-0.4785974491966967,-0.3732881713132989,-0.1020821362126295,0.4206140497856383,0.9971952791188935,-0.4430932500336798,-0.0511391018144947,-0.20743015653927588,-0.00040423612963908824,-0.4545418421888941,-0.0511391018144947
0.02035042507408776,-0.016079195372162833,-0.19572512942254186,0.3529344404828369,0.5717406607590573,0.26385828309900416,-0.4140703979049358,-0.4448039673728658,0.9969524467770361,-0.14210450855071108,0.10982239016521246,-0.19501864347291412,0.4065607079165049,-0.14210450855071108
-0.3486137617216181,-0.0990769960309243,0.9643718093404648,0.019642206437357295,-0.0517898061919031,-0.8492682706844121,-0.03202207751290853,-0.03936141561155096,-0.164745504243706,0.9943468069542294,0.4968327083690944,0.9644094124837224,-0.13864233374176535,0.9943468069542294
-0.22220688888144632,-0.0589102911835686,0.3365691583931656,-0.042476193907761424,0.3016360673582755,-0.053622047081499855,-0.22291801242805895,-0.20957943927874967,0.0985737815893064,0.4867181774733712,0.9818253783286088,0.3368624202535904,-0.07750176183993718,0.4867181774733712
-0.3491527010505819,-0.1005485262632787,0.9936171801804261,0.035678926670302445,-0.11297785534154538,-0.914549004626163,0.004301483090932565,0.010175575088597049,-0.21710609207906828,0.9731240724420992,0.3488671681225598,0.9937057431626449,-0.12623620868075225,0.9731240724420992
-0.0769131435159797,0.021130778424394498,-0.0500186451689973,0.964718671474365,0.5062170951980403,0.0875820674509125,-0.37332378152690326,-0.4730306201044478,0.41979927083399887,-0.05860185826937192,-0.05425317712638956,-0.049225142416763124,0.9943233113619061,-0.05860185826937192
-0.3486137617216181,-0.0990769960309243,0.9643718093404648,0.019642206437357295,-0.0517898061919031,-0.8492682706844121,-0.03202207751290853,-0.03936141561155096,-0.164745504243706,0.9943468069542294,0.4968327083690944,0.9644094124837224,-0.13864233374176535,0.9943468069542294
1.0,0.1105770946232812,-0.3581897637258574,-0.11962506100198625,-0.0591137353440937,0.300788407798371,-0.008633029994032933,-0.04724078814950561,0.025837139461204323,-0.3602022816805759,-0.22912252351888682,-0.35837868093009034,-0.07378624678838287,-0.3602022816805759
0.1105770946232812,1.0,-0.10241662588748601,-0.0001215028796619867,0.016189123959947083,0.0847319333620018,0.0010383182606077698,0.006428028774484442,-0.015387492965746648,-0.10129885660731279,-0.06086831533174705,-0.10242167242104325,0.02291711675975137,-0.10129885660731279
0.9516380288966017,0.11049997755111687,-0.35006029415202566,-0.12470746192570514,-0.06918432676654834,0.29184959772607927,-0.002822254554352514,-0.0527546381640209,0.020518781572765366,-0.34926136183953926,-0.223610281436083,-0.35026552009836703,-0.08047474126728547,-0.34926136183953926
0.10902651773209589,0.9706459353283549,-0.10014472455931463,0.00018278526732835423,0.018900701967467855,0.08291904400008629,-0.0017597751182462345,0.005173158671229993,-0.016139790848262506,-0.09845017799337552,-0.058600152586601985,-0.10015633169801902,0.023555231789981902,-0.09845017799337552
0.8720607699915441,0.10962644572597512,-0.33846522168547893,-0.12869925707338464,-0.07892100303740276,0.2800291497855657,0.0030826275785185765,-0.05731658067496606,0.01541885357150174,-0.33505659649733205,-0.2161069132224169,-0.3386505506643785,-0.0866973359934953,-0.33505659649733205
0.10453685617750297,0.9240575809655104,-0.09688061855819603,0.0004662666527725829,0.019962168839209746,0.08007018818117585,-0.002790213864376865,0.004555784349562373,-0.016973787295170555,-0.09468446940328971,-0.0559905617886923,-0.09686931336318269,0.023863285432363827,-0.09468446940328971
0.6003880320006301,0.08907974474821133,-0.24274164720426616,-0.13719501769922057,-0.11691829974045184,0.19275079892003816,0.025434445626624877,-0.06601294458211991,-0.0006790979335427422,-0.22874962348900016,-0.145025831015599,-0.2428834881446495,-0.11616050470025827,-0.22874962348900016
0.07123213847141166,0.6900722730717727,-0.07348431710287757,0.005742851994692113,0.024115596854760706,0.0603381993713732,-0.010054734801495041,0.0014772993425678435,-0.02028070871094291,-0.06957968033902864,-0.03804063646928513,-0.07341688046568125,0.026217433732703452,-0.06957968033902864
0.3901137777915651,0.04749408494064285,-0.08818882100309323,-0.12188456465749155,-0.13704005086866372,0.0589431318579628,0.03911567301286181,-0.0627358448628217,-0.0024940900838704766,-0.06565749761687797,-0.030421347570136717,-0.088257140350449,-0.1341955650116419,-0.06565749761687797
0.027268386817263925,0.4489636441766996,-0.04015521320666613,0.012158129880355455,0.027045604785724577,0.03092898726081503,-0.019326605937142378,0.0005130198764718034,-0.020030262914169955,-0.03513141882036795,-0.012844092045927881,-0.040009006202124026,0.026324917287770824,-0.03513141882036795
0.036037363858898074,-0.0702814985774873,0.3572603138874781,0.0871526366622639,-0.0038912590573602682,-0.3380539187192556,-0.03857926757907011,-0.10664366849153331,0.056749298537871716,0.37963073215617177,0.17757178866674836,0.35764716469227337,0.005486710760546021,0.37963073215617177
0.01862788479822813,0.10822877430197775,0.01156366349320013,0.05578083651126099,0.0405664126685999,-0.025738145320169728,-0.015047028205546296,-0.0065776443093732645,0.020679810981436855,0.017196238306727764,0.001980835857837686,0.01215448838576386,0.060616474361956975,0.017196238306727764
-0.07094661872973212,-0.08051185645923159,0.4065813563361481,0.25166766919350375,0.1450468604132779,-0.37080775531156684,-0.1536138323297786,-0.17585975802624593,0.09209964602559763,0.421154035064271,0.19756416239796168,0.40715944525584297,0.1831437807600962,0.421154035064271
0.039393643059189035,0.05151609015064969,-0.007205437310252053,0.06959910886966715,0.05186192089352467,-0.006117325902753419,-0.011697939996857856,-0.007111851890932465,0.04216145176698375,-0.0072705070557240225,-0.0229591938822234,-0.0065851400957531525,0.08176812651810536,-0.0072705070557240225
0.012537930020419188,-0.06980942244774835,-0.07241395535021786,0.21084571258616505,0.1852897771394786,0.09872445840857094,-0.18450233963929102,-0.13077745355105455,0.07308296022929683,-0.09446666911176073,-0.03668148556220156,-0.07186261218401052,0.24314013826826064,-0.09446666911176073
0.0689606814980769,-0.029328454703397042,-0.0762083261853458,0.05481188157379035,0.0200680494371811,0.06577293259822431,0.008449326202971705,-7.258184250356938e-05,0.0007388406934077393,-0.07195631679225817,-0.04971978247065021,-0.07545305687350859,0.07455243880551062,-0.07195631679225817
0.041742115794950914,-0.021251332247695924,0.01660882541671333,0.15443330994014107,0.0675616958481332,-0.015369744590936266,-0.10821143726698113,-0.18952050070325388,0.031117568166174708,0.01180086902382523,-0.011070929357777877,0.017137263291735302,0.13009911465483812,0.01180086902382523
0.07357569548829983,-0.016446115584944136,-0.08271251761442927,0.030986295262051718,0.03883279710872078,0.08249573000744272,0.056962914143886725,0.012215393872928849,0.020083955002420165,-0.08371159389958914,-0.04708613661716791,-0.08241410743382091,0.05765815226794985,-0.08371159389958914
-0.3581897637258574,-0.10241662588748601,1.0,0.06617300362651622,-0.07962779641504855,-0.9137497335183958,-0.016171226776108504,0.005522729118843408,-0.20658417141362534,0.9736690916812137,0.34644423492906046,0.9999151066004827,-0.08982309000658233,0.9736690916812137
-0.11962506100198625,-0.0001215028796619867,0.06617300362651622,1.0,0.42171804987741923,-0.031131991521487,-0.3360644615448341,-0.4837096237570235,0.3580543141203,0.05319709660436217,-0.02965097613657836,0.0670168572627011,0.9575262592495845,0.05319709660436217
-0.0591137353440937,0.016189123959947083,-0.07962779641504855,0.42171804987741923,1.0,0.2469933482599347,-0.6398455548135472,-0.37807068285936085,0.5758667026784967,-0.016956902655433766,0.316216356057074,-0.07903798439449253,0.5115236733249663,-0.016956902655433766
0.300788407798371,0.0847319333620018,-0.9137497335183958,-0.031131991521487,0.2469933482599347,1.0,-0.1327875211181061,-0.1084556828154302,0.27468303285429396,-0.8516956105127457,-0.057015455431563423,-0.9136296157718526,0.12761342119246588,-0.8516956105127457
-0.008633029994032933,0.0010383182606077698,-0.016171226776108504,-0.3360644615448341,-0.6398455548135472,-0.1327875211181061,1.0,0.42448155697918005,-0.41715152364913416,-0.05229296405109485,-0.2316513847552499,-0.016757591972801262,-0.3599859214828857,-0.05229296405109485
-0.04724078814950561,0.006428028774484442,0.005522729118843408,-0.4837096237570235,-0.37807068285936085,-0.1084556828154302,0.42448155697918005,1.0,-0.4438801967255431,-0.044737265166135826,-0.2083054609093709,0.005023998730781404,-0.46204430681564657,-0.044737265166135826
0.025837139461204323,-0.015387492965746648,-0.20658417141362534,0.3580543141203,0.5758667026784967,0.27468303285429396,-0.41715152364913416,-0.4438801967255431,1.0,-0.15397555757708745,0.10454196835460217,-0.2058787233401476,0.4139623543573566,-0.15397555757708745
-0.3602022816805759,-0.10129885660731279,0.9736690916812137,0.05319709660436217,-0.016956902655433766,-0.8516956105127457,-0.05229296405109485,-0.044737265166135826,-0.15397555757708745,1.0,0.4958477284050063,0.9737263792531564,-0.09947486540416159,1.0
-0.22912252351888682,-0.06086831533174705,0.34644423492906046,-0.02965097613657836,0.316216356057074,-0.057015455431563423,-0.2316513847552499,-0.2083054609093709,0.10454196835460217,0.4958477284050063,1.0,0.34672595889756547,-0.06438116855090882,0.4958477284050063
-0.35837868093009034,-0.10242167242104325,0.9999151066004827,0.0670168572627011,-0.07903798439449253,-0.9136296157718526,-0.016757591972801262,0.005023998730781404,-0.2058787233401476,0.9737263792531564,0.34672595889756547,1.0,-0.08902342605817198,0.9737263792531564
-0.07378624678838287,0.02291711675975137,-0.08982309000658233,0.9575262592495845,0.5115236733249663,0.12761342119246588,-0.3599859214828857,-0.46204430681564657,0.4139623543573566,-0.09947486540416159,-0.06438116855090882,-0.08902342605817198,1.0,-0.09947486540416159
-0.3602022816805759,-0.10129885660731279,0.9736690916812137,0.05319709660436217,-0.016956902655433766,-0.8516956105127457,-0.05229296405109485,-0.044737265166135826,-0.15397555757708745,1.0,0.4958477284050063,0.9737263792531564,-0.09947486540416159,1.0
-0.36688686961484757,-0.10361491454824862,0.993162184615333,0.0910647341231632,-0.046631899628393494,-0.9036574563700288,-0.023179371441548552,0.008007854200699147,-0.2001618515780841,0.9649184524153755,0.34109247867625425,0.9931065930437207,-0.055414059792921605,0.9649184524153755
-0.12292008884076301,0.009444790633645598,0.01950347195235354,0.9856226304570648,0.4345571714544919,0.018361578900645655,-0.29254428320558584,-0.4668117889586595,0.3499407606203039,0.00882159740202849,-0.032988585277766685,0.020330594761541355,0.9669542062574991,0.00882159740202849
-0.04458087331046685,0.0013810711447105526,-0.10299507213134323,0.38844782253577553,0.9738157830009772,0.2858051488480287,-0.660280352634881,-0.40037146160060516,0.5750670791398222,-0.035976233786273674,0.3412606289167795,-0.1025520551802696,0.4808558503233061,-0.035976233786273674
0.3075686388000111,0.08644426127204263,-0.9147343118550642,-0.05661597643739744,0.21468235867006075,0.9959906969805725,-0.11265398716302377,-0.10276274059375647,0.2655693235451331,-0.8491441960935904,-0.05396849616270585,-0.9146355479853783,0.09519509383055336,-0.8491441960935904
0.08791692119040324,-0.03330804545935564,0.18163665213811353,-0.30353544404120386,-0.7328712161718073,-0.29903209080724247,0.5637057594438775,0.16426333045034683,-0.4106422635460889,0.12218866511698753,-0.2240712586204817,0.18104747857992393,-0.40422457983833104,0.12218866511698753
-0.041703554550289214,0.007311313461908982,0.011425637881974163,-0.487406059563867,-0.38196372077132656,-0.1158399829812837,0.4265629454022135,0.9975442979623292,-0.4449598407170629,-0.03782723165626126,-0.20913715907890593,0.010922436218762554,-0.4683208500026866,-0.03782723165626126
0.03082383226706275,-0.015079171863395628,-0.21741728707727215,0.36311321607686037,0.5779411960180517,0.2847609099143415,-0.42056347263486854,-0.4434162501481625,0.9971130652041098,-0.16601968157235145,0.09847352869714988,-0.2167154172278149,0.4210679361947483,-0.16601968157235145
-0.36673403410731265,-0.10356701955359346,0.9745416766944645,0.08505190318883193,0.016779743528560705,-0.8492004029725486,-0.08045667146128782,-0.05345426812451139,-0.13952591091604347,0.9943218807119198,0.48586786452449265,0.9745997858397827,-0.06151471495782415,0.9943218807119198
-0.23457523176091075,-0.06190349749370931,0.3503664100919737,-0.016517180314523535,0.3310243727048212,-0.058233057222763146,-0.2389857064362431,-0.206823691649177,0.11097962078752503,0.49828094382226434,0.9839483499651218,0.3506063150890456,-0.04962276411037248,0.49828094382226434
-0.367069999281729,-0.10354074554545405,0.9930830659012007,0.09209389448008469,-0.04592056426735404,-0.9034827774018261,-0.023852533548729866,0.007349791821413429,-0.19938808925697662,0.9649420502217144,0.3413901396519835,0.9931613361612354,-0.054436836764738226,0.9649420502217144
-0.06696079551049518,0.02246982892785863,-0.12689287412076009,0.9466006155161775,0.5075238687887589,0.16259244488794125,-0.35730622473243634,-0.4531979862791591,0.4047743543560911,-0.13819897092426514,-0.07803349527091731,-0.12609671767869632,0.9952666177905999,-0.13819897092426514
-0.36673403410731265,-0.10356701955359346,0.9745416766944645,0.08505190318883193,0.016779743528560705,-0.8492004029725486,-0.08045667146128782,-0.05345426812451139,-0.13952591091604347,0.9943218807119198,0.48586786452449265,0.9745997858397827,-0.06151471495782415,0.9943218807119198
-0.36648935442876807,-0.10449091595917323,0.979743924232526,0.11758704388034516,-0.01451616715988015,-0.8890993662197424,-0.04821924669618671,0.0013627258654612061,-0.18901971287858002,0.9479031937120563,0.3286603843655886,0.9797061236781106,-0.02076206828494186,0.9479031937120563
-0.10721659946141897,0.004213405608582946,-0.0014662628382890665,0.9830998839389741,0.4239338388986439,0.03324297619099473,-0.3334377544486639,-0.4799099377230889,0.3450619484662308,-0.018932274289748103,-0.05751848244880896,-0.0006417532675230283,0.9640097664907489,-0.018932274289748103
-0.01800776326434592,0.00990054309949219,-0.10416289636366463,0.40576286911398535,0.9486333509602078,0.285372410526027,-0.7416079246199923,-0.4362044787056924,0.5747822758205826,-0.044791008243865185,0.3146056167575383,-0.103624338658663,0.4915358637426635,-0.044791008243865185
0.31055586971843796,0.08675533991701084,-0.9087320047118665,-0.0830678745730478,0.18311338957884046,0.9848217044191264,-0.08902363748255812,-0.0954770970029385,0.2549682372659713,-0.8392685085692851,-0.04809519541396845,-0.9086497534332348,0.06154092431889599,-0.8392685085692851
0.08034227193033906,-0.03923986906253737,0.20424102928914636,-0.2776785724378817,-0.7444640624363584,-0.33511725900167644,0.5319497113690772,0.1829395922694074,-0.4082487539061995,0.13662183919773263,-0.261945460312211,0.20374002710094755,-0.38578417637303475,0.13662183919773263
-0.03635837874754078,0.008320828419963065,0.01789039584382823,-0.49051277357547524,-0.38529989080647203,-0.12386492567157517,0.428410692028961,0.9943810596329157,-0.44584164174386576,-0.030131713943048866,-0.20971094864870485,0.017385196586862158,-0.4738061600552771,-0.030131713943048866
0.03500729562966137,-0.015456319628318631,-0.23023057480679715,0.36621130313529693,0.5793853586944123,0.29695328811301697,-0.42108375733549447,-0.44157587669730736,0.9892753989169315,-0.17935296274038395,0.0946995277503585,-0.22953932341406472,0.4267005110323602,-0.17935296274038395
-0.3722948927851934,-0.10458024768913429,0.9659799289274816,0.11449056707810447,0.0517590661710483,-0.8365942778538233,-0.09913858024427534,-0.057840554536816455,-0.12752006838253588,0.980056301026253,0.47504847267976724,0.9660536190764054,-0.023182363554736282,0.980056301026253
-0.23606426702188757,-0.06166479396209891,0.35064351315878844,-0.0033603797511146884,0.3454095288800857,-0.05678266429022046,-0.24605917280370537,-0.2054649689763505,0.11819704837519271,0.4951289724164828,0.9624292618042187,0.35083896459787267,-0.03411072630906532,0.4951289724164828
-0.3665374235459937,-0.10435445489753044,0.9796871121305756,0.11846467301921432,-0.013886237637668662,-0.8889164195144788,-0.048845516525885306,0.0008421574031517547,-0.18830097416279962,0.9479153187657058,0.3289025349892841,0.9797405861202874,-0.01995777528100406,0.9479153187657058
-0.05514170524500895,0.02190687300268257,-0.1579223933879219,0.9350909052460421,0.4966234080773122,0.18991262880813162,-0.36915214093853155,-0.4542999737194379,0.39472911153444196,-0.17238152260638137,-0.09667364834031628,-0.15712890490962755,0.9846064925315858,-0.17238152260638137
-0.3722948927851934,-0.10458024768913429,0.9659799289274816,0.11449056707810447,0.0517590661710483,-0.8365942778538233,-0.09913858024427534,-0.057840554536816455,-0.12752006838253588,0.980056301026253,0.47504847267976724,0.9660536190764054,-0.023182363554736282,0.980056301026253
-0.33621837322630843,-0.09857435232992993,0.8528215353780613,0.18916775578464506,0.09569793595296862,-0.7679031298112169,-0.12306730460632147,-0.00954422282126423,-0.15336724672446345,0.8049599875278383,0.24078896083686052,0.8528033327398536,0.09616884994194314,0.8049599875278383
-0.07651766619224656,0.01013816782116201,-0.1575166709540862,0.9009855509710465,0.4263879990899862,0.1860407110825769,-0.2991837845969812,-0.43534736371298277,0.3174978622664434,-0.17644856773104214,-0.09731038090246186,-0.15671480714591646,0.9257113735110022,-0.17644856773104214
0.030581242323682093,0.008279273278328829,-0.23685287139589847,0.354482988234229,0.860050158481502,0.4110091259158497,-0.6975402789118426,-0.4159339818020834,0.5513150474017157,-0.1785782977309823,0.2633919729464078,-0.23638575418815447,0.4570863457299438,-0.1785782977309823
0.29658970717437094,0.08297100603920415,-0.8198484684239844,-0.15233503719658126,0.07556496975226658,0.8788968634312201,-0.011662913188000988,-0.08148463742278758,0.22475233907072287,-0.7357362539360375,0.00029992595302106266,-0.819791438343319,-0.047816786555936776,-0.7357362539360375
0.04798311300032427,-0.032929642701745185,0.2979983189848211,-0.2526992982148658,-0.7046286574487247,-0.42791599869787683,0.46763499766553884,0.18560801203526162,-0.41091868953074845,0.23503384119924786,-0.22239285255928523,0.2975185529713211,-0.3674557949907899,0.23503384119924786
-0.02123947200406182,0.011110278450553101,0.05056090738473089,-0.4924523305050642,-0.39108625715896655,-0.16079034378233564,0.4294077406627221,0.9736221734739561,-0.4480962255169199,0.008002632241581147,-0.20590958258651093,0.05002837956046961,-0.48378576483649927,0.008002632241581147
0.05266663789761356,-0.018179566617413257,-0.27642760494120766,0.37137625976342953,0.5707387113401495,0.34134968030583257,-0.423527571121437,-0.435136466011201,0.9219646562921097,-0.22810002716882452,0.08360269194556615,-0.275802093884277,0.43918321407010746,-0.22810002716882452
-0.35487525123556496,-0.10081526642796715,0.8572738421214279,0.19878414646004394,0.16874725654891218,-0.7271605510363366,-0.17043304710142057,-0.06666684827063826,-0.08833851191833278,0.8454073900243054,0.38078314873098623,0.8572917669841714,0.10706792795146021,0.8454073900243054
-0.21445746760165424,-0.051126473814227344,0.30697978374822205,0.04387970678412651,0.39953139001848076,-0.023330916189890694,-0.27332785939782195,-0.20293776673405683,0.1527343828687674,0.43064357832717004,0.8193755825060818,0.3070043947480429,0.03246006326744221,0.43064357832717004
-0.3359532463434168,-0.09828650592159922,0.852734152471535,0.18993096455580347,0.09629918981431526,-0.7675959966624248,-0.12368065396707276,-0.010039351857406027,-0.15273713617145854,0.8049604561412772,0.24100797558821196,0.8527229757410612,0.09689934510118857,0.8049604561412772
-0.012275027879888259,0.023848038492314365,-0.31119146706864254,0.8346849521608327,0.4579709822238872,0.33356123174525115,-0.33952354098845416,-0.4113271758067144,0.35920295836941324,-0.32667375669989424,-0.13798531020372323,-0.310412719350151,0.901796039786125,-0.32667375669989424
-0.35487525123556496,-0.10081526642796715,0.8572738421214279,0.19878414646004394,0.16874725654891218,-0.7271605510363366,-0.17043304710142057,-0.06666684827063826,-0.08833851191833278,0.8454073900243054,0.38078314873098623,0.8572917669841714,0.10706792795146021,0.8454073900243054
-0.26082119946996185,-0.0846560928345352,0.6356246384827594,0.2025349683999023,0.1615856583438894,-0.5674252526325418,-0.1755117531114942,-0.003920943294505458,-0.13374916389295777,0.5711914234765714,0.11832680361753639,0.6354609512582732,0.16461510050233907,0.5711914234765714
-0.015085579562340152,0.019992145834740203,-0.3124429186388849,0.7769370101094663,0.383703842796149,0.32960542728380676,-0.2744892188031962,-0.3968700309144238,0.28609535617329523,-0.32989860583924147,-0.13903101575011056,-0.31166048432663146,0.8250823409166996,-0.32989860583924147
0.07822725854816753,0.016952782627233286,-0.37714038907869574,0.2926894515376719,0.7487301880755133,0.5317752436073521,-0.5820437739245932,-0.3596807761908351,0.5109163706331602,-0.316911501293099,0.2021557030477557,-0.376719281122052,0.40836985524401864,-0.316911501293099
0.2459761183554559,0.0748112643575338,-0.6453674903954202,-0.16274798002468016,0.006770972027103243,0.6951434787288481,0.04276414077628572,-0.08713525018132022,0.21100638994951285,-0.5492304938799392,0.07426345079028746,-0.6452539095435336,-0.10830583335984655,-0.5492304938799392
0.011612159660703482,-0.02224566670129621,0.344977851589328,-0.15925807171240458,-0.6062977800968898,-0.4911539575441599,0.4256091412092372,0.18037453325387034,-0.39521019764265575,0.2791902989011586,-0.23743613256039725,0.3446338944104836,-0.2664541287520964,0.2791902989011586
-0.024210104920712686,0.009222906654148174,0.09327865104609075,-0.4809671345014573,-0.38811461910500045,-0.20215709692535525,0.42294275184873686,0.9474123092890627,-0.4495893009009743,0.05553251389559295,-0.188149056241215,0.09271533922698857,-0.47882757696794725,0.05553251389559295
0.06750454516947346,-0.018966256248089192,-0.3175798441476192,0.36225869809131794,0.543383187921598,0.38168588189993,-0.41131748767064386,-0.42319845629759634,0.8235763184000222,-0.2713652370563264,0.07822857620962859,-0.3169993582850676,0.43350722978558726,-0.2713652370563264
-0.285950259319689,-0.09040084327657516,0.6483862901537664,0.22454860183894032,0.2419877392008018,-0.5335999933312129,-0.21786446731759523,-0.058041830781447694,-0.06440678224491056,0.6132988309125484,0.24277030551014916,0.6482524823085011,0.1899199819245356,0.6132988309125484
-0.15502654082395778,-0.037992548031232774,0.20713556216273082,0.07741540865454473,0.4353906423174962,0.04944163392265458,-0.29079000512726055,-0.2066249483860571,0.1885515318791257,0.30955214619840155,0.6474681012356875,0.20698760383196604,0.0937730355347147,0.30955214619840155
-0.2607099127235058,-0.08445881210337851,0.6354488295231007,0.20320164372410393,0.16221910562617595,-0.5670012277037024,-0.17610292441931047,-0.004458171787651199,-0.13316922101643125,0.571111714582845,0.11859751005863635,0.6353084760085941,0.1653148170564954,0.571111714582845
0.0503789545173648,0.03396077267193175,-0.4509986659589184,0.695393269343293,0.39069613510804113,0.4612861273069226,-0.28950464650784435,-0.3655381245237125,0.32011380444800996,-0.4613332124324144,-0.16875634153029878,-0.4502373914390402,0.7717790341862517,-0.4613332124324144
-0.285950259319689,-0.09040084327657516,0.6483862901537664,0.22454860183894032,0.2419877392008018,-0.5335999933312129,-0.21786446731759523,-0.058041830781447694,-0.06440678224491056,0.6132988309125484,0.24277030551014916,0.6482524823085011,0.1899199819245356,0.6132988309125484
0.10123114188468861,-0.013930166279775596,-0.1726761351464477,-0.10375422353800708,0.030375642802340865,0.1525778164404962,-0.1049323877300077,0.12294057925715388,-0.20399776105110823,-0.2584889582846445,-0.24523562037805793,-0.1732584736474039,-0.009469744507712072,-0.2584889582846445
0.1851852071403232,0.07470800656896492,-0.6022469518593742,0.3738081716835494,0.1565783644252983,0.5879070477564112,-0.13326485858864628,-0.3080244417857822,0.21285438856798883,-0.5861497264515341,-0.18619563117445379,-0.6016069012111258,0.4324051829252887,-0.5861497264515341
0.18254117959355304,0.030370739808793235,-0.4551668881282519,0.10137326246706725,0.42019873374760053,0.5862700032187181,-0.4361093466266118,-0.3585035993104966,0.4222169279810327,-0.3795425111121154,0.16435387500258372,-0.4545866211546984,0.175206944743982,-0.3795425111121154
-0.056483952451926826,0.014484978586549508,0.06729027381663916,0.11517633757464366,0.0955529986779781,0.01702264369943999,0.010624212935220907,-0.20660811597776663,0.2739317827231488,0.1781165314822786,0.33983523512035185,0.06773723465045398,0.048118532294915174,0.1781165314822786
-0.14888112722234423,-0.06837351969127088,0.4730644090044002,-0.0826721940353953,-0.2681874232649885,-0.547362566788237,0.2623332005729074,0.1864894342012845,-0.34849061580041846,0.41842553111239444,-0.03460011375383458,0.47236834913702686,-0.1410121945130433,0.41842553111239444
-0.12994016703248595,-0.01631589891101937,0.2318308544309757,-0.41543694196717756,-0.3426333651173345,-0.3144402147429499,0.3971719378406409,0.9046498114326199,-0.4422765987886469,0.19021902929975737,-0.11370159568437478,0.23126647665802888,-0.42380758470413826,0.19021902929975737
0.0981935288563117,0.018513858290087972,-0.3728757190190016,0.29307454916063647,0.41379290226850324,0.4354463818127187,-0.332217982927181,-0.38935550911941824,0.5813600143227958,-0.3173481705518875,0.08636307470591749,-0.3722019998741302,0.3501584957955676,-0.3173481705518875
0.0998575967859049,-0.022726661967846836,-0.19117984813252126,-0.049192000455881894,0.12871093034078687,0.20738444651108714,-0.15128939474616676,0.06479558341987766,-0.12063803100042354,-0.2621419628784208,-0.1848212712060099,-0.19172708212901549,0.057190944871043384,-0.2621419628784208
0.0992499014989516,-0.001168563114287016,-0.2147837225288787,0.05151719210019167,0.38427608187170487,0.37565467660431867,-0.23688051514841388,-0.20020749403630375,0.21739636368531012,-0.15785417879491587,0.22186616260208583,-0.21529209914970482,0.14166748261334397,-0.15785417879491587
0.10126668043767388,-0.013876108881177587,-0.17316042369260912,-0.1032923042750211,0.030808829072739474,0.15323622753103844,-0.1054160450587524,0.12252830475440611,-0.20337415862462851,-0.2589287002142323,-0.2452315798520703,-0.17374037219070754,-0.008905538623882128,-0.2589287002142323
0.2030591519885697,0.07361958481424799,-0.6160126531944864,0.3153334129300615,0.13572088162462162,0.5998935119122596,-0.12111619765411429,-0.29094532334865875,0.23820434609190047,-0.5854198477843549,-0.1606337019926679,-0.6153373878683328,0.3691947708528578,-0.5854198477843549
0.0998575967859049,-0.022726661967846836,-0.19117984813252126,-0.049192000455881894,0.12871093034078687,0.20738444651108714,-0.15128939474616676,0.06479558341987766,-0.12063803100042354,-0.2621419628784208,-0.1848212712060099,-0.19172708212901549,0.057190944871043384,-0.2621419628784208
0.30212749299011804,0.025851072665205404,-0.45053946809039536,-0.4164295173381416,-0.22579666000727933,0.3694130465510116,0.05298773924197974,0.2211622685072196,-0.29871873438597096,-0.5229984080635479,-0.359353940856106,-0.45125065923150237,-0.3192216021151225,-0.5229984080635479
0.1837877434271176,0.0767717124768704,-0.5123296544265074,0.24852147201979158,0.03019590056999533,0.5007605158832821,-0.058290275401388945,-0.3030188366163616,0.19945710236841402,-0.4687369017114461,-0.10688429895009041,-0.5117801618489688,0.2687421544738889,-0.4687369017114461
0.15783139932381396,0.038280713054389154,-0.3172645041171505,0.07173048030534358,0.3184955567603167,0.4385894579811723,-0.3660735204695356,-0.3612715688899737,0.3969954931578331,-0.22848454149567637,0.2254978286263443,-0.31638553014009746,0.09955265672078899,-0.22848454149567637
-0.25825562359228904,-0.02847815459963733,0.35131436283410394,0.3942396011849706,0.32414790523982423,-0.21870677679214806,-0.12254265053160739,-0.2910820757981289,0.35808480163494366,0.4481678590605146,0.45112132374882774,0.3519631616417493,0.31898552702484256,0.4481678590605146
-0.14420814959691555,-0.07894937721643903,0.34691426204322323,-0.024884668636975915,-0.2153209012285902,-0.43626327463699327,0.1968619795398571,0.2159588287876903,-0.3470764392785538,0.2594073624735445,-0.18540983106890926,0.34610414513352217,-0.05294053510445565,0.2594073624735445
-0.15284125475732138,-0.025919911667894067,0.24632359716964664,-0.3785426068728486,-0.29359398771287504,-0.3231704798484038,0.3725893496126576,0.8977566301008726,-0.4232090793341426,0.1942661138735859,-0.12366657528223954,0.24581215018732225,-0.3799633435157011,0.1942661138735859
0.08956717031220149,0.05935615833073373,-0.34345482170119734,0.2668306350514707,0.35498690355460133,0.4102824389319964,-0.2947853962769799,-0.39508263927159404,0.5251664754688178,-0.270297753931513,0.12504511064576598,-0.342742883092941,0.3070047576780852,-0.270297753931513
0.3183716111365433,0.02086403276349413,-0.5159642224020692,-0.3672358056229111,-0.1335596485128834,0.46384203217879894,0.012899174391358084,0.1660856545191994,-0.22234360780352022,-0.5765219240992853,-0.3219421613068799,-0.5166500636137624,-0.25092380341920834,-0.5765219240992853
0.17948954395483102,0.0017020341457324186,-0.36851776604140035,-0.05977793065697542,0.2672971239770304,0.48113451736421275,-0.13223108804593467,-0.14925323434659896,0.17740542989770605,-0.32759425911859763,0.09913284265644513,-0.36896499149052286,0.03962241405050099,-0.32759425911859763
0.3023941684825589,0.025702480699415452,-0.45114486590112984,-0.416095719625642,-0.22555408646186162,0.37006300242357665,0.05277098140208958,0.22087323806958,-0.298190925688932,-0.5235757670388164,-0.35965614351212044,-0.4518567145621739,-0.3188204728902007,-0.5235757670388164
0.15670153036816914,0.0699159195871801,-0.4387876755292214,0.23889767274201143,0.02994032360297812,0.4386455328254413,-0.05856415103019839,-0.3039211956682726,0.23048262889432047,-0.3802052109369469,-0.037632484960248236,-0.43813454592359047,0.24260547153062673,-0.3802052109369469
0.3183716111365433,0.02086403276349413,-0.5159642224020692,-0.3672358056229111,-0.1335596485128834,0.46384203217879894,0.012899174391358084,0.1660856545191994,-0.22234360780352022,-0.5765219240992853,-0.3219421613068799,-0.5166500636137624,-0.25092380341920834,-0.5765219240992853
0.20284138963245957,0.018739136631165283,0.10806866945956599,-0.5703239217507555,-0.48122453803343684,-0.19725367269458755,0.20178038354226402,0.2032916007172377,-0.3644660608834038,0.09648963292162013,-0.08606007421388069,0.10760527194602876,-0.6382648016263274,0.09648963292162013
-0.0278718298372682,0.008630722027034077,-0.006941322425259175,0.457411278034113,0.10329132531689811,0.032782991474958396,-0.09287602000110805,-0.38468432474350156,0.27254745932128754,0.04145702971783182,0.07376549425935783,-0.006429277748390483,0.3988628010929704,0.04145702971783182
-0.005357467538463004,0.01828240343372222,-0.002267294059954961,0.24689996763335564,0.41833066426157883,0.15100920703068257,-0.41273067583221895,-0.4412344048407053,0.44861676618990043,0.09719307933816627,0.3934117462307782,-0.001242165212340018,0.2411809839533876,0.09719307933816627
-0.18660224519220056,-0.0384663505073228,-0.10522102214891184,0.5355617422615703,0.5963454767823511,0.25300182704814195,-0.2737134819219452,-0.27625713758691256,0.43105400740744226,-0.06200731047501027,0.24401606789014674,-0.10459694785453993,0.6100367974052308,-0.06200731047501027
-0.012900169907909728,-0.010482860486156627,0.004714033981119494,-0.19711220138436097,-0.33840123806629624,-0.1276660408068238,0.33336934688198383,0.3332603128767007,-0.3986448904042929,-0.08915017981101919,-0.34384964268976,0.00390635642706443,-0.18818577312572746,-0.08915017981101919
-0.08811488569310731,-0.013285074579454242,0.10830356811723983,-0.399715575236724,-0.2675728226936605,-0.19493813936809243,0.3542915431760657,0.8848520122225905,-0.4129983018005447,0.05042116432651227,-0.18340307310331397,0.10773456550609115,-0.37291900687898855,0.05042116432651227
-0.011663511253093766,0.07669064511319655,-0.21943725295085462,0.31316385308074013,0.36373273755677243,0.3080414917113966,-0.30375610134445846,-0.41485248641607886,0.5434392530513537,-0.13614955213050164,0.20509599354897803,-0.21859754551068242,0.33617291110936864,-0.13614955213050164
0.2281262304718372,0.02060976254468551,0.022341926855603645,-0.5698626684992817,-0.4285488172535764,-0.08758249090862998,0.1849587965231054,0.16183321656198232,-0.3092812643356089,0.03152143964927144,-0.019674739198597864,0.021930766603505354,-0.6235282633415559,0.03152143964927144
0.1119825015232582,-0.015133031967054768,-0.16019137593494365,-0.13145324029529074,0.19869536129378557,0.26120657667390956,-0.07170619798472036,-0.15802556378173155,0.16144184144772053,-0.07829901482721253,0.3102390499304895,-0.16001551618122536,-0.09607494500453233,-0.07829901482721253
0.20304719656972928,0.01863249747152904,0.10789179974063941,-0.5700814775736712,-0.48128162576626154,-0.1971763206300841,0.20188984200248264,0.203225257886772,-0.36415120547054447,0.09631839450141481,-0.08632109448942094,0.10742792843745662,-0.6380449427006666,0.09631839450141481
-0.08093668505731787,0.004938742868699557,0.061453115595086226,0.504794028675288,0.17313380571983597,-0.013011245180040265,-0.1399153755971979,-0.3937656276922303,0.3209460697459561,0.1150936572833956,0.1361681011221295,0.06210219280637031,0.446190122088932,0.1150936572833956
0.2281262304718372,0.02060976254468551,0.022341926855603645,-0.5698626684992817,-0.4285488172535764,-0.08758249090862998,0.1849587965231054,0.16183321656198232,-0.3092812643356089,0.03152143964927144,-0.019674739198597864,0.021930766603505354,-0.6235282633415559,0.03152143964927144
0.04996275044643584,0.002750335543189975,0.3213143469558076,-0.29219343443838697,-0.177655567297923,-0.3627022083440409,-0.07720542719020851,0.05955611910155137,-0.2972187469325754,0.2627482093601879,-0.07131715657386185,0.3211824794037404,-0.3349268378767747,0.2627482093601879
0.004286567618220142,0.007030346038824407,-0.17860136990428213,0.4217947216042043,0.1932724990832957,0.20557763757835967,-0.13098985763134247,-0.29568208493215353,0.2433427814994795,-0.15273000344200804,-0.009892042795382347,-0.17834636994528294,0.42408347836695065,-0.15273000344200804
0.01851102668276988,-0.027639688762141405,-0.1664831359788024,0.23216492742250333,0.39022436433582003,0.2879086773236921,-0.34994972483364345,-0.38349177990751493,0.4163470018270498,-0.09050964358431596,0.2665567146467503,-0.16576038182288855,0.2672459652520267,-0.09050964358431596
-0.03114344637583285,-0.02926716455050382,-0.33302949762677414,0.21613013699878414,0.3274095059695135,0.44020376075126516,0.006343580104710252,-0.12962210249889844,0.3506979217627575,-0.2391719300401829,0.2567265094205759,-0.332834097391555,0.2837935614559997,-0.2391719300401829
-0.04467309281494281,0.005079381985177056,0.1462463251519515,-0.22584645304933967,-0.27485180433449863,-0.23926705635754894,0.31236376394072796,0.28025612649774156,-0.33129694185904773,0.09131621419369697,-0.17694366196726177,0.1455688240360097,-0.24678255779865318,0.09131621419369697
-0.05559119853601402,-0.0038984981642520558,0.11493661318796,-0.4127366190373593,-0.2696242510552945,-0.2088781118823091,0.3582923240064021,0.7603380460088399,-0.39704221596149225,0.06714354012908244,-0.17003622357520215,0.11447800022994105,-0.4002069171432639,0.06714354012908244
0.002187597013661307,0.01675656204987278,-0.2572182473647273,0.30047861165007245,0.33774288262249363,0.34845501953183755,-0.23671227985668164,-0.3453491713444528,0.45203404664547653,-0.1864980214226811,0.17983027908944121,-0.2566960555257615,0.3318763602416217,-0.1864980214226811
0.05811833637511952,-0.006190872272311727,0.2924562439464785,-0.30212939760963214,-0.11298851318579727,-0.3041015000711768,-0.1022789750545383,0.016675645601139422,-0.2506787710286748,0.2574170001849467,0.02670699888532832,0.29233123832818547,-0.3332222173284194,0.2574170001849467
0.014977411508940046,-0.04235073734273125,-0.1407785885998277,0.04995941960011109,0.34195948061788434,0.28080921505704765,-0.18218806458119183,-0.21144166902772304,0.26090136643320094,-0.052891455367757696,0.3713162523520138,-0.1404919415083659,0.09718348299344237,-0.052891455367757696
0.050314288425567025,0.0034620078434095766,0.32152560204963,-0.2922989174142174,-0.1777766983583882,-0.36296957611490455,-0.07713050322620267,0.06019187628168108,-0.2969644425537987,0.2629868218114236,-0.07118766354673285,0.3213937098249414,-0.3349324070398971,0.2629868218114236
-0.002339521572699001,-0.0003612605947702021,-0.1903340411867082,0.42121589092022066,0.2186924723846145,0.22433192127952464,-0.15010334878828546,-0.2904235489858467,0.2698178797496255,-0.15929297064439965,0.007030813021699969,-0.19009931443674427,0.43116589247566706,-0.15929297064439965
0.05811833637511952,-0.006190872272311727,0.2924562439464785,-0.30212939760963214,-0.11298851318579727,-0.3041015000711768,-0.1022789750545383,0.016675645601139422,-0.2506787710286748,0.2574170001849467,0.02670699888532832,0.29233123832818547,-0.3332222173284194,0.2574170001849467
0.9626049314759884,0.10828296451002252,-0.3626029459532814,-0.11534863173100345,-0.0509800930119507,0.3057786848489023,-0.013330689599357744,-0.04234172500812593,0.02997949154396637,-0.367248275890213,-0.23301965211061856,-0.3627334371600514,-0.06848983566664381,-0.367248275890213
