statusN_Rmean=4,statusS_Rmean=4,tempC_Rmean=4,windspeedMiles_Rmean=4,precipMM_Rmean=4,humidity_Rmean=4,visibility_Rmean=4,pressure_Rmean=4,cloudcover_Rmean=4,heatIndexC_Rmean=4,dewPointC_Rmean=4,windChillC_Rmean=4,windGustMiles_Rmean=4,feelsLikeC_Rmean=4
0.7830107950286105,0.09771985489706345,-0.3636127548031633,-0.0998821229586388,-0.006622460102875795,0.3099205071740779,0.07360488293152767,-0.031443043376218026,0.039552723507694384,-0.3725177627805613,-0.23396952307243363,-0.36360164474145473,-0.04670627511647047,-0.3725177627805613
0.10648118477051942,0.870895888297759,-0.10470713391996508,0.0037024741690958813,0.009523414487722589,0.0862009097261602,-0.03787517427434365,0.008655729666207444,-0.016858351857790155,-0.10527887224408834,-0.06061580392890004,-0.10448933914888096,0.021177515010275955,-0.10527887224408834
-0.32063520835033893,-0.09311500609296997,0.957327119030047,-0.03634938921372543,-0.13754417092335483,-0.89587743487381,0.22921620873022924,0.0242516372719867,-0.2418870094799376,0.9492175409702164,0.3447717297850931,0.9572759978529873,-0.1960489792745987,0.9492175409702164
-0.13469414249748307,0.007003269533615959,0.13420158420618716,0.9691210076050449,0.3909766423328671,-0.09737914880848571,-0.2831906553921099,-0.49228582057970277,0.3663558343826859,0.1355536600247472,0.013383982795234908,0.1350738459246514,0.9168057069254544,0.1355536600247472
-0.06908846867389327,0.014849430836690512,0.04569354332976894,0.4202364393548224,0.9598065624645569,0.1338742608726613,-0.669096654824126,-0.4549507866105702,0.5867816495858937,0.11657193398809526,0.382346751829922,0.04635058274889877,0.47826371524383404,0.11657193398809526
0.26241464119118835,0.07635729781618719,-0.867867534131914,0.06718582910116895,0.31680182142075675,0.9667246390195084,-0.360026067363732,-0.13264464956411626,0.30828828673653424,-0.818929561872911,-0.052909650719841474,-0.8676535344594822,0.22603174834699974,-0.818929561872911
0.06451632716821062,-0.030620081749116602,0.007995870739362069,-0.3456808427851543,-0.7770234603026095,-0.16557998930990359,0.8018863337925839,0.3383863193399773,-0.4654127706910674,-0.0583354804840159,-0.31906789990216927,0.007324276939568931,-0.40461608184288067,-0.0583354804840159
-0.06251722670453219,0.003390431599300812,-0.002960023665633787,-0.4732197246368015,-0.4308752971935105,-0.0906122843726829,0.17743936825825685,0.9896358110033372,-0.4404612480065969,-0.06277063330036718,-0.2048458301019827,-0.0034852460276964814,-0.4452165188290176,-0.06277063330036718
0.010242674613962078,-0.018001161332941086,-0.17901772486152606,0.3385407943310362,0.568330336535755,0.24525667728174633,-0.4055373455381882,-0.44634206739170657,0.9769210283168586,-0.11644679751913764,0.12482096162579492,-0.17830682685401777,0.38593602442771346,-0.11644679751913764
-0.315175882385687,-0.0905637950056747,0.9223229518080258,-0.05551331383489413,-0.07817009081770857,-0.8229902733387962,0.16298182744358855,-0.0232394600427493,-0.19030274373068182,0.9570569191842014,0.4851696955049292,0.9223286747467331,-0.21160005518437358,0.9570569191842014
-0.20277718193671004,-0.05272808926503601,0.31110931813928405,-0.06976051517673752,0.29910545567108093,-0.03996397572749359,-0.2514391429590667,-0.2101753258996142,0.09021079328711314,0.4557649814027381,0.9297792885924968,0.31133340971775425,-0.10797383012967113,0.4557649814027381
-0.32078087282297024,-0.09307850513661164,0.9573126917537677,-0.0355380604335815,-0.1370435862082556,-0.8958101961895485,0.22870532408097344,0.02374873597342605,-0.2412126538573268,0.949297271281677,0.34493034042701476,0.9573168973252701,-0.19526624108181986,0.949297271281677
-0.09017767367289183,0.02179514745722775,0.015239213109528561,0.962115972623452,0.4878210824241821,0.024542423648846276,-0.36948099664061657,-0.48291472693951615,0.4306777167236579,0.015395681552123562,-0.022554874326880792,0.01603367970356573,0.9706557358646057,0.015395681552123562
-0.315175882385687,-0.0905637950056747,0.9223229518080258,-0.05551331383489413,-0.07817009081770857,-0.8229902733387962,0.16298182744358855,-0.0232394600427493,-0.19030274373068182,0.9570569191842014,0.4851696955049292,0.9223286747467331,-0.21160005518437358,0.9570569191842014
0.8720607699915441,0.10453685617750297,-0.36648935442876807,-0.10721659946141897,-0.01800776326434592,0.31055586971843796,0.08034227193033906,-0.03635837874754078,0.03500729562966137,-0.3722948927851934,-0.23606426702188757,-0.3665374235459937,-0.05514170524500895,-0.3722948927851934
0.10962644572597512,0.9240575809655104,-0.10449091595917323,0.004213405608582946,0.00990054309949219,0.08675533991701084,-0.03923986906253737,0.008320828419963065,-0.015456319628318631,-0.10458024768913429,-0.06166479396209891,-0.10435445489753044,0.02190687300268257,-0.10458024768913429
0.9537828819471326,0.10889623476359123,-0.36669976954095523,-0.11413391597169575,-0.028996100340279485,0.3088587811542144,0.08718675468095623,-0.04136943057878146,0.030834728384178254,-0.3693853772553404,-0.23657414776798347,-0.3667963043071527,-0.06276502785159062,-0.3693853772553404
0.11237460231203818,0.971193387152009,-0.1033934775450821,0.00463090408648713,0.011470815126952643,0.08684792151113535,-0.0409029588027103,0.007543027168292544,-0.014668755353991876,-0.10294954645475231,-0.06139898739561719,-0.10330052604034198,0.02257115285918474,-0.10294954645475231
1.0,0.11199730116567529,-0.3636815140585781,-0.12003826339016353,-0.03989849699408973,0.30427479625363757,0.09491153206134366,-0.046230504531036644,0.026094194810907266,-0.3632731415122121,-0.2336136250115766,-0.36385068886561556,-0.06960664501642501,-0.3632731415122121
0.11199730116567529,1.0,-0.10161232398220327,0.004833775019314285,0.01245315629557324,0.08585095891606488,-0.04221843259235883,0.007232401892946769,-0.014716449976189806,-0.10074286571763892,-0.06059058235423193,-0.10158624484216064,0.022815716961461268,-0.10074286571763892
0.7409043752420373,0.10421336573865703,-0.3030624652803847,-0.13798841465078762,-0.08215574548127942,0.24564693822018727,0.12182004126409954,-0.062133300276669814,0.006810584495655928,-0.2922249643537195,-0.18950287644196145,-0.3031845174751711,-0.10014126975917213,-0.2922249643537195
0.09150668685137886,0.8141185803854583,-0.0855522968848398,0.008973488242654572,0.017256805052209338,0.07260417334988102,-0.053470113413816446,0.003204658858266232,-0.017486117211033703,-0.08293357780705653,-0.04757854408934762,-0.0854975392116141,0.025648359407841746,-0.08293357780705653
0.5238794486960981,0.07228944925870671,-0.1719919258014241,-0.13558474606043508,-0.11385053843265673,0.1315841067614517,0.14193020523195957,-0.06380655469398519,-0.0015163069397146844,-0.15182515376186992,-0.08862653236149869,-0.1721019512057129,-0.12667818673710957,-0.15182515376186992
0.05163956600596728,0.5650560466068608,-0.05559302581881132,0.014688390738658767,0.019264956461116495,0.04694326651395381,-0.06656395663698374,0.0011249443054480231,-0.02004621139749327,-0.05206959628328987,-0.02505165725157367,-0.05550905005032855,0.02596694161304517,-0.05206959628328987
0.0886562348368022,-0.057516450233153146,0.3081547236698352,0.03942371455434045,-0.02490544010840304,-0.2931866785673328,0.0688701535726558,-0.09192418807665216,0.04381271814622233,0.33200070295771494,0.16319386951516976,0.3084200920957037,-0.030109609415548893,0.33200070295771494
0.013132323827903348,0.14709502435419247,0.008176049365118346,0.05805846334260541,0.030652223718846405,-0.01923240059566668,-0.0714398446711921,-0.005190496218026251,0.015689322406962133,0.013392137414677594,0.006187871074628548,0.008721742507259076,0.056280135483107466,0.013392137414677594
-0.05361958546402201,-0.08024315534434978,0.4188532923928729,0.21226244674231576,0.12534443405019233,-0.3871535288946537,-0.06314274780555465,-0.16207131483573223,0.0854198889733074,0.43725815202027474,0.2041699468490005,0.41939827721765205,0.14529523681865802,0.43725815202027474
0.03919249689631149,0.06777945990159746,-0.0022164173182893654,0.07568632180964072,0.039808914368252485,-0.00935270799530372,-0.06660193350764745,-0.008823697794711653,0.04169741169718948,-0.002307882885880606,-0.017252001205496918,-0.0015475903223188627,0.08052053112722721,-0.002307882885880606
-0.02549457292341977,-0.07742380258262618,0.004768974934732795,0.23811205439939198,0.22124293272744716,0.027933450114715846,-0.13020237264031623,-0.1444506360961017,0.08244318737192456,-0.013714081433694212,0.0015400939217354922,0.005335551900766602,0.26856696866335433,-0.013714081433694212
0.0748810471778165,-0.011138365913137046,-0.06936542594822086,0.06493564999420103,0.010796423929724026,0.06000502543288861,-0.0515082557425052,0.0010750178956852809,0.00814521581849933,-0.06991756292069812,-0.05181577692413501,-0.0686195663729876,0.07887276542888859,-0.06991756292069812
0.05411610978554061,-0.01754547636383747,0.013748838551939563,0.14768300847059676,0.08549045233572576,-0.015038271251937803,0.017953432698133372,-0.18976273248565545,0.0345333374186702,0.013213792716720948,-0.012856356713546901,0.01428738436115285,0.13571043286669862,0.013213792716720948
0.07014579534881422,-0.0192912767735459,-0.07558693111509245,0.04198701095388548,0.014154167805633637,0.0797713556443724,-0.06780511193601861,0.013108952794847847,0.023546254627554688,-0.08057294166636925,-0.04549701763740437,-0.07527812867468078,0.05872881230693391,-0.08057294166636925
-0.33846522168547893,-0.09688061855819603,0.979743924232526,-0.0014662628382890665,-0.10416289636366463,-0.9087320047118665,0.20424102928914636,0.01789039584382823,-0.23023057480679715,0.9659799289274816,0.35064351315878844,0.9796871121305756,-0.1579223933879219,0.9659799289274816
-0.12869925707338464,0.0004662666527725829,0.11758704388034516,0.9830998839389741,0.40576286911398535,-0.0830678745730478,-0.2776785724378817,-0.49051277357547524,0.36621130313529693,0.11449056707810447,-0.0033603797511146884,0.11846467301921432,0.9350909052460421,0.11449056707810447
-0.07892100303740276,0.019962168839209746,-0.01451616715988015,0.4239338388986439,0.9486333509602078,0.18311338957884046,-0.7444640624363584,-0.38529989080647203,0.5793853586944123,0.0517590661710483,0.3454095288800857,-0.013886237637668662,0.4966234080773122,0.0517590661710483
0.2800291497855657,0.08007018818117585,-0.8890993662197424,0.03324297619099473,0.285372410526027,0.9848217044191264,-0.33511725900167644,-0.12386492567157517,0.29695328811301697,-0.8365942778538233,-0.05678266429022046,-0.8889164195144788,0.18991262880813162,-0.8365942778538233
0.0030826275785185765,-0.002790213864376865,-0.04821924669618671,-0.3334377544486639,-0.7416079246199923,-0.08902363748255812,0.5319497113690772,0.428410692028961,-0.42108375733549447,-0.09913858024427534,-0.24605917280370537,-0.048845516525885306,-0.36915214093853155,-0.09913858024427534
-0.05731658067496606,0.004555784349562373,0.0013627258654612061,-0.4799099377230889,-0.4362044787056924,-0.0954770970029385,0.1829395922694074,0.9943810596329157,-0.44157587669730736,-0.057840554536816455,-0.2054649689763505,0.0008421574031517547,-0.4542999737194379,-0.057840554536816455
0.01541885357150174,-0.016973787295170555,-0.18901971287858002,0.3450619484662308,0.5747822758205826,0.2549682372659713,-0.4082487539061995,-0.44584164174386576,0.9892753989169315,-0.12752006838253588,0.11819704837519271,-0.18830097416279962,0.39472911153444196,-0.12752006838253588
-0.33505659649733205,-0.09468446940328971,0.9479031937120563,-0.018932274289748103,-0.044791008243865185,-0.8392685085692851,0.13662183919773263,-0.030131713943048866,-0.17935296274038395,0.980056301026253,0.4951289724164828,0.9479153187657058,-0.17238152260638137,0.980056301026253
-0.2161069132224169,-0.0559905617886923,0.3286603843655886,-0.05751848244880896,0.3146056167575383,-0.04809519541396845,-0.261945460312211,-0.20971094864870485,0.0946995277503585,0.47504847267976724,0.9624292618042187,0.3289025349892841,-0.09667364834031628,0.47504847267976724
-0.3386505506643785,-0.09686931336318269,0.9797061236781106,-0.0006417532675230283,-0.103624338658663,-0.9086497534332348,0.20374002710094755,0.017385196586862158,-0.22953932341406472,0.9660536190764054,0.35083896459787267,0.9797405861202874,-0.15712890490962755,0.9660536190764054
-0.0866973359934953,0.023863285432363827,-0.02076206828494186,0.9640097664907489,0.4915358637426635,0.06154092431889599,-0.38578417637303475,-0.4738061600552771,0.4267005110323602,-0.023182363554736282,-0.03411072630906532,-0.01995777528100406,0.9846064925315858,-0.023182363554736282
-0.33505659649733205,-0.09468446940328971,0.9479031937120563,-0.018932274289748103,-0.044791008243865185,-0.8392685085692851,0.13662183919773263,-0.030131713943048866,-0.17935296274038395,0.980056301026253,0.4951289724164828,0.9479153187657058,-0.17238152260638137,0.980056301026253
-0.3551853777690501,-0.09940124604477134,0.9941382150967537,0.028396564868136867,-0.07572456105476884,-0.912703973481103,0.17206209701109765,0.019249919744548274,-0.22298250704283934,0.9743888536321447,0.35493997833015634,0.9940810937302482,-0.12251634697723682,0.9743888536321447
-0.13302042648795603,0.010224805971759308,0.07877470712878694,0.9874861166167564,0.4044097485303401,-0.03869299417375522,-0.3162376708359102,-0.47585277127105713,0.3593640743422225,0.07485392210473314,-0.0064931467894132665,0.07963866834593476,0.9512131896170433,0.07485392210473314
-0.0628512190096873,0.004718205442784089,-0.040424236643478884,0.3917967001818986,0.9660745920007205,0.22332929686711286,-0.7256055995361391,-0.40860944698352164,0.581619270610324,0.03104744542668003,0.3679261554975124,-0.03993097806838792,0.47221964212948353,0.03104744542668003
0.29409872481567817,0.0836761695980036,-0.9042427179178828,0.003894034608535634,0.253810050346451,0.9961028176535058,-0.3094320825204225,-0.11664560058436989,0.2875120302778905,-0.8481569515143955,-0.05890712240642014,-0.9040846678439041,0.1563956367628484,-0.8481569515143955
0.10103609165248159,-0.03746201690847239,0.1277540780366539,-0.3073483336448853,-0.660170930669819,-0.24913767040707904,0.9523901042827795,0.17159172771495357,-0.41460786692133195,0.07250313629491209,-0.2405593584543153,0.127130612590547,-0.38929630890935235,0.07250313629491209
-0.05180451408211706,0.005847132320554077,0.006223941957641724,-0.4857402067944345,-0.4413219473510265,-0.10112077692201855,0.18778928068120995,0.9978132245976904,-0.4425079339571233,-0.052192323559288,-0.20627016081131477,0.0057029191030284615,-0.4626005920496061,-0.052192323559288
0.02103605896043617,-0.015659150374177786,-0.19899234816725295,0.35200177924718357,0.5796924089420917,0.26432834274893663,-0.40925934323773355,-0.4455738642872692,0.997223197618986,-0.13877812389662705,0.11075014940691545,-0.1982672040719343,0.40374434048302216,-0.13877812389662705
-0.3497484537495302,-0.09846606754145949,0.9658418557019726,0.017066095875260808,-0.00879834918915567,-0.8510046941035682,0.11626534257918483,-0.040091552561866285,-0.16420324805101483,0.9948081344538111,0.4968563315927428,0.9658490094926072,-0.13319266267054047,0.9948081344538111
-0.22592269893529074,-0.05879122676156104,0.342204699407278,-0.04465449675992705,0.32947533011744096,-0.05427310940248335,-0.2712423599036442,-0.20827174964689757,0.09979648689865003,0.4891726192193247,0.9855402594117574,0.34245502623709095,-0.08418291654554425,0.4891726192193247
-0.35546187237385063,-0.09936822814688004,0.9940569595037428,0.029416891754860317,-0.07504943098230206,-0.912566429730733,0.17150611089888684,0.018585275866371678,-0.2222085583300753,0.9744301462036083,0.35519695735241985,0.994136411277559,-0.1215408006704871,0.9744301462036083
-0.08044155095019098,0.023292870250402862,-0.05512915008147307,0.9642471818148559,0.4920318177353348,0.0944679810917989,-0.38767094513220873,-0.46717303137531063,0.4195373769283673,-0.0602984884540882,-0.04985721202756966,-0.05431593084460432,0.9945932463380263,-0.0602984884540882
-0.3497484537495302,-0.09846606754145949,0.9658418557019726,0.017066095875260808,-0.00879834918915567,-0.8510046941035682,0.11626534257918483,-0.040091552561866285,-0.16420324805101483,0.9948081344538111,0.4968563315927428,0.9658490094926072,-0.13319266267054047,0.9948081344538111
-0.3636815140585781,-0.10161232398220327,1.0,0.06021929060737983,-0.041641587117345745,-0.9121154449389777,0.14964824026895424,0.01164930218534677,-0.21089657745583643,0.9746503043755083,0.3511947311167012,0.9999185870200806,-0.08512371148144714,0.9746503043755083
-0.12003826339016353,0.004833775019314285,0.06021929060737983,1.0,0.41410086268441704,-0.027060652615805605,-0.2848965833792444,-0.49063194573905045,0.35711769944070737,0.051042802203267526,-0.03147869488364265,0.061086914908212414,0.9626471288824433,0.051042802203267526
-0.03989849699408973,0.01245315629557324,-0.041641587117345745,0.41410086268441704,1.0,0.22125252671423964,-0.6792549513147499,-0.4457255364548297,0.5833040342274625,0.025215285807710628,0.34421860612141075,-0.04102019002113292,0.49218535808567626,0.025215285807710628
0.30427479625363757,0.08585095891606488,-0.9121154449389777,-0.027060652615805605,0.22125252671423964,1.0,-0.2852390931572235,-0.10771441665302203,0.2761436907667865,-0.8524781363830453,-0.05786494306350568,-0.9119780235701416,0.12079996765430688,-0.8524781363830453
0.09491153206134366,-0.04221843259235883,0.14964824026895424,-0.2848965833792444,-0.6792549513147499,-0.2852390931572235,1.0,0.19180873161363188,-0.41228215940686586,0.08758782940252492,-0.2808515253159958,0.14912789698940176,-0.372487491839664,0.08758782940252492
-0.046230504531036644,0.007232401892946769,0.01164930218534677,-0.49063194573905045,-0.4457255364548297,-0.10771441665302203,0.19180873161363188,1.0,-0.4436948653671106,-0.04574090680980901,-0.20684961660783993,0.011126750271420521,-0.4700574821490642,-0.04574090680980901
0.026094194810907266,-0.014716449976189806,-0.21089657745583643,0.35711769944070737,0.5833040342274625,0.2761436907667865,-0.41228215940686586,-0.4436948653671106,1.0,-0.1515427562312395,0.10561818743100619,-0.2101699730039639,0.411410257567747,-0.1515427562312395
-0.3632731415122121,-0.10074286571763892,0.9746503043755083,0.051042802203267526,0.025215285807710628,-0.8524781363830453,0.08758782940252492,-0.04574090680980901,-0.1515427562312395,1.0,0.4973503416422945,0.9746720828226979,-0.09376253177808067,1.0
-0.2336136250115766,-0.06059058235423193,0.3511947311167012,-0.03147869488364265,0.34421860612141075,-0.05786494306350568,-0.2808515253159958,-0.20684961660783993,0.10561818743100619,0.4973503416422945,1.0,0.35144047079432716,-0.07049580346923494,0.4973503416422945
-0.36385068886561556,-0.10158624484216064,0.9999185870200806,0.061086914908212414,-0.04102019002113292,-0.9119780235701416,0.14912789698940176,0.011126750271420521,-0.2101699730039639,0.9746720828226979,0.35144047079432716,1.0,-0.08430371794034941,0.9746720828226979
-0.06960664501642501,0.022815716961461268,-0.08512371148144714,0.9626471288824433,0.49218535808567626,0.12079996765430688,-0.372487491839664,-0.4700574821490642,0.411410257567747,-0.09376253177808067,-0.07049580346923494,-0.08430371794034941,1.0,-0.09376253177808067
-0.3632731415122121,-0.10074286571763892,0.9746503043755083,0.051042802203267526,0.025215285807710628,-0.8524781363830453,0.08758782940252492,-0.04574090680980901,-0.1515427562312395,1.0,0.4973503416422945,0.9746720828226979,-0.09376253177808067,1.0
-0.36174655219252966,-0.10215933527056614,0.9314585998403363,0.1568956680409087,0.07826002027539648,-0.8413507905431628,0.059177814299360004,-0.00503142505779569,-0.170025188945772,0.8917102919558035,0.2924939405227389,0.931414661015292,0.047323988894074395,0.8917102919558035
-0.09908141018095275,0.00881242420575623,-0.08184265784666397,0.952530776794454,0.4189833665379771,0.1150233230280697,-0.3172018655125561,-0.45294065914775666,0.3332295352316875,-0.09762729976265998,-0.07493794073590898,-0.08100858515476896,0.9578273192375829,-0.09762729976265998
0.005106853523551343,0.009261968915567428,-0.1737734899680075,0.37616422157527524,0.9454416796027075,0.34942254211826873,-0.6521839061958882,-0.42856458496356375,0.5675360852069103,-0.10952820102374156,0.292926873944976,-0.17327977157290347,0.47513135240847426,-0.10952820102374156
0.31320741613012093,0.08660256582241575,-0.8748241568380585,-0.12021358145071986,0.10531238282098046,0.9442172135343516,-0.19203143410714596,-0.08671253605542686,0.24034690717361332,-0.7999170028802391,-0.02721789747118015,-0.874750099219648,-0.003630478605368854,-0.7999170028802391
0.0637391782672833,-0.03366613542589464,0.24384442813074908,-0.27101984622844577,-0.6848423168125457,-0.3787591567215196,0.8840940731814831,0.19990717008971373,-0.4192057006339744,0.18406602683848394,-0.24508191519016662,0.24334109050060754,-0.37129498761889596,0.18406602683848394
-0.026862332723276046,0.010727564634232254,0.03902819979622812,-0.5004456328854436,-0.4565834711242776,-0.14085761217562348,0.197406620083364,0.9870292740614892,-0.44698764768337224,-0.013143890063206714,-0.20731534551944444,0.038492097299897825,-0.4892271979295513,-0.013143890063206714
0.045242703190095004,-0.015775238678285893,-0.25722369175391024,0.36997894572963347,0.5871169409399793,0.32051895057076923,-0.4150499450732975,-0.4392375544017994,0.9627781951251341,-0.20079251954050362,0.08960178895915687,-0.25653348017460403,0.4327000086911527,-0.20079251954050362
-0.37547816511037646,-0.10305257468519868,0.9273823869903675,0.15898089523579845,0.1487466762299689,-0.7941224089776016,-0.011883931739661673,-0.061599767801331834,-0.1076343311322016,0.9283819130626373,0.43900760653425636,0.9274203413118252,0.04977503407576807,0.9283819130626373
-0.23326090736321778,-0.05622491536890393,0.3406885682464474,0.01969695051689835,0.40076003170382574,-0.045082500838666134,-0.31592280439380754,-0.2028301046213154,0.13613245011052913,0.47239029248771447,0.9095307688448149,0.34078694274524424,-0.006895484126090488,0.47239029248771447
-0.3616391901219355,-0.1019132098006211,0.9314227183956955,0.15769202480042616,0.07886849551967443,-0.8411094574779698,0.05866223567725366,-0.005513612607542176,-0.16936946359595242,0.8917260253392291,0.2927263541432248,0.9314312336840787,0.04806561491636764,0.8917260253392291
-0.036194791102031776,0.022741405877601272,-0.23696357449515149,0.8942266376130851,0.4702068197662751,0.26443486980481035,-0.3577720715441869,-0.432829023458465,0.38004020905466573,-0.25040285873070434,-0.1196443881493367,-0.23615293558630804,0.9539662578022164,-0.25040285873070434
-0.37547816511037646,-0.10305257468519868,0.9273823869903675,0.15898089523579845,0.1487466762299689,-0.7941224089776016,-0.011883931739661673,-0.061599767801331834,-0.1076343311322016,0.9283819130626373,0.43900760653425636,0.9274203413118252,0.04977503407576807,0.9283819130626373
-0.30712656673679917,-0.0919002945217473,0.7554666304035919,0.20053590555306108,0.16449287620442152,-0.6776990689652798,-0.008336508151173318,-0.007548335113389073,-0.14193554440305398,0.6994898930093428,0.18297227006529052,0.7553477522294001,0.14165058520511473,0.6994898930093428
-0.04767674392008105,0.015069145031251499,-0.23623661883696498,0.8495796571215135,0.3926355607233062,0.25968110736524475,-0.29442929501081455,-0.4179262213421951,0.3029629962028488,-0.25346523185331393,-0.12124672695214377,-0.2354215929816386,0.8841285918506121,-0.25346523185331393
0.052045636804012134,0.01506020519975907,-0.3201532628940112,0.32536866000758585,0.8305368895984809,0.47933523424478386,-0.6136020854199912,-0.37310663967462954,0.5315665135830466,-0.2570326927600373,0.22834724251863042,-0.31969663673870746,0.4399063142036318,-0.2570326927600373
0.2803048342820895,0.08067881378656343,-0.7410587996967543,-0.1609052493423146,0.018748297011892984,0.7966592639453866,-0.11857071839839471,-0.08278044068659854,0.21843182651938287,-0.6523617131758088,0.03600630253893501,-0.7409606586525572,-0.08934493168495528,-0.6523617131758088
0.028776373059832827,-0.019296715665132604,0.3009660645756991,-0.18061124407640264,-0.6384675623293617,-0.45112679944512246,0.706190263907667,0.19492393453569132,-0.40606888542803204,0.23608838442188038,-0.26046528534433194,0.3006005453102567,-0.28339307527182495,0.23608838442188038
-0.019606720012934488,0.01102302547743185,0.07696441250314312,-0.49530375274103017,-0.4577000711077228,-0.18033549545491676,0.19306097433647515,0.9629114811140213,-0.44878586722800357,0.030139624209415003,-0.19674993171626312,0.07639206495493883,-0.4914903961282051,0.030139624209415003
0.061952189350824534,-0.018100992148633803,-0.3019349728882679,0.36801044865136845,0.5715007013316316,0.36396096084657864,-0.4064697929778551,-0.42993130123095075,0.877312182197833,-0.24777382328990477,0.08179219000403705,-0.30130647891003315,0.43663191811562224,-0.24777382328990477
-0.3305327648412431,-0.09575219593470188,0.7652992414398445,0.21520370948875941,0.23960599522077905,-0.6399116398129323,-0.08778239175241573,-0.06195121054978472,-0.07536882827369701,0.7410432204628848,0.31826091866749384,0.765219950314889,0.15754277169784667,0.7410432204628848
-0.19028165838504688,-0.04363193935488057,0.26555004509410446,0.06046398205619322,0.442913784497514,0.010297472157400043,-0.34616548465917873,-0.20412554049438797,0.1727616946202134,0.37525721666786005,0.746293915325368,0.2654617812004779,0.05835465756933443,0.37525721666786005
-0.3069541733987137,-0.09166036992924265,0.7553724273242136,0.2012357502597212,0.16516147038252169,-0.6773325272046163,-0.008853792340741578,-0.008083601666774794,-0.14134144116851735,0.6994563777442196,0.18323564164564457,0.7552703594702023,0.14236700696518417,0.6994563777442196
0.018560586348610793,0.029446915285818838,-0.3857696354005189,0.7724001485072696,0.4148665082339942,0.40241880992140794,-0.3163037302174642,-0.38828572434512504,0.34104403289229035,-0.3968629373536084,-0.15623049751465778,-0.3849742835827561,0.8444802507473784,-0.3968629373536084
-0.3305327648412431,-0.09575219593470188,0.7652992414398445,0.21520370948875941,0.23960599522077905,-0.6399116398129323,-0.08778239175241573,-0.06195121054978472,-0.07536882827369701,0.7410432204628848,0.31826091866749384,0.765219950314889,0.15754277169784667,0.7410432204628848
0.036789969765511916,-0.025906957496674862,-0.04774042123492331,-0.030469877239304714,0.10766587046579125,0.043642979573046185,0.019207463150654,0.0989337978007145,-0.1862087061034329,-0.13182465835803744,-0.1958377008354587,-0.0482777143817925,0.05565499372835891,-0.13182465835803744
0.16513814632131202,0.0685460708719504,-0.5863235050325252,0.441486587442059,0.18997349990144016,0.574353341556148,-0.13213740744487124,-0.31889712629569766,0.2226202363427443,-0.5737133935360305,-0.19270458364440654,-0.5856340992105328,0.4996252914495049,-0.5737133935360305
0.17843300577232546,0.028066410451638366,-0.46554334251590246,0.12004078675719822,0.529541794485432,0.5988194823863611,-0.30935751154319,-0.36376361257044465,0.43748513300310726,-0.3866660017990688,0.16653111940464124,-0.4649855798305613,0.21207658642171756,-0.3866660017990688
0.00462825711166847,0.028061554503332628,-0.04745855141677371,0.0470507906056059,0.03524653241897292,0.12378490683752863,-0.1202795299124667,-0.1823880150478324,0.25904179471998623,0.06278024440328861,0.3024061516424874,-0.047064254332378166,-0.012675686452772948,0.06278024440328861
-0.1312364256075578,-0.06256221723940733,0.48188157703340445,-0.10481594805853821,-0.33330506716238006,-0.5595649106520297,0.27215337661782824,0.19195860388803432,-0.35827210776539026,0.4261159100327055,-0.03801567617346736,0.4812367859031919,-0.17629804414994274,0.4261159100327055
-0.11071136071261606,-0.010849009181016377,0.2195474361304779,-0.43495254326622895,-0.42229528975941877,-0.29944016311493366,0.15739642108948684,0.9103202026966326,-0.44484230244442124,0.1730417738792279,-0.11976312652906158,0.2189507172149343,-0.44499428809751634,0.1730417738792279
0.0961515714412242,0.009817703735983304,-0.3753153430041014,0.3055436687500089,0.4545359970235147,0.43620482502561236,-0.3305747323817038,-0.39323517905855143,0.6145663939343925,-0.31725326875777665,0.08278123280783331,-0.3746306114692094,0.36549502048644905,-0.31725326875777665
0.028773645879547047,-0.03519646558994787,-0.056108071261145635,0.02081671068636432,0.20034817816657235,0.09138033742781464,-0.06998419912190902,0.040619496084318835,-0.10248495540440908,-0.12445022497794468,-0.12372976742443757,-0.05660314885703356,0.11563841736306023,-0.12445022497794468
0.062354119426951064,-0.0038351537782104284,-0.14813363087183234,0.06453767489474163,0.4157165447989205,0.32704029568455956,-0.3444417400605789,-0.2067625214247019,0.22395903179619345,-0.08660602492246641,0.2857175906920854,-0.14859467372472054,0.1417909661203676,-0.08660602492246641
0.03679699334821354,-0.02581214637060764,-0.04815541754083676,-0.02998606096594652,0.10813354241317745,0.04426823256954361,0.018721575602898263,0.09850659258728933,-0.18558425501807146,-0.13221742974294745,-0.19579110006563155,-0.04868554752750925,0.05625162161089756,-0.13221742974294745
0.19560821123079097,0.07087014318149351,-0.6263169669535499,0.37177703153399577,0.17109005849565037,0.6099241967002509,-0.12432730021914899,-0.29682968276501814,0.24832173485172895,-0.5996088708956775,-0.17907108451583598,-0.6256076696620297,0.43110135818533973,-0.5996088708956775
0.028773645879547047,-0.03519646558994787,-0.056108071261145635,0.02081671068636432,0.20034817816657235,0.09138033742781464,-0.06998419912190902,0.040619496084318835,-0.10248495540440908,-0.12445022497794468,-0.12372976742443757,-0.05660314885703356,0.11563841736306023,-0.12445022497794468
0.26626508930774473,0.018754879782335417,-0.40966410116881585,-0.34384538473605547,-0.12311203866077232,0.34016923710370056,0.20503233563187692,0.20334126613724507,-0.2805594183867924,-0.48537037646999676,-0.3484227026996545,-0.4103797628985765,-0.2346367892379214,-0.48537037646999676
0.19565274840867386,0.08046030427152558,-0.5557434927195136,0.27860092190305913,0.05612866801999238,0.5404288203067699,-0.023670095429913426,-0.3032865168148383,0.2006314898046015,-0.5132897822725053,-0.13328451650318246,-0.5551597322578974,0.30643645825583843,-0.5132897822725053
0.16898318490026396,0.03909097046167791,-0.36337467986657945,0.06396155811942363,0.4022639260957588,0.4823429518642445,-0.21411607352875392,-0.35594732000267315,0.40325880482245274,-0.2710685325602076,0.21021235413931713,-0.36250894814184015,0.11289154163319987,-0.2710685325602076
-0.21939867820365644,-0.018300112073190322,0.30650147274803163,0.32621073407674916,0.23427506395305328,-0.18142458989090013,-0.28363703323109085,-0.27416338007560714,0.3418409366644178,0.40716239386373393,0.4410924871018656,0.30712840029846217,0.24088925031234465,0.40716239386373393
-0.14937642140832266,-0.07989791800938877,0.3898841176375811,-0.02285045211610601,-0.2572514761483122,-0.4774124018517181,0.20670192076322064,0.21171124029378416,-0.35180430219525577,0.30326595127989864,-0.16957633108120834,0.3890795968150846,-0.06227846200479288,0.30326595127989864
-0.15191524336854278,-0.023771929766322444,0.2550514650311095,-0.3942330831348873,-0.37739048160371175,-0.3250411042208316,0.12446070935061364,0.9022695622643552,-0.427838871217709,0.19761331891358705,-0.11634921127671707,0.25451172723865584,-0.40126202312256043,0.19761331891358705
0.0971706117692516,0.05193125447580763,-0.35841793309888487,0.2713545315036107,0.38664015750732617,0.42252437398688486,-0.2940058525098824,-0.39335005243021787,0.538843883105946,-0.2846564682880508,0.11394954934304022,-0.35767818009140045,0.31409203865234686,-0.2846564682880508
0.2788148456524369,0.012338542288179537,-0.4654548294393287,-0.29229444482509137,-0.033090698712533624,0.4271315416847733,0.11648705217006516,0.1462886974636048,-0.20038321627618902,-0.5295204198171237,-0.306936277662921,-0.46613083749173284,-0.16654878696830372,-0.5295204198171237
0.16673029130484426,0.0009971136611963743,-0.34417696625066513,-0.03720135305184927,0.2986087134319597,0.47028454452420065,-0.25883046558775225,-0.1620860434541071,0.19093314078656706,-0.3033266577923712,0.12233319270963493,-0.34465172385440657,0.05992096028796338,-0.3033266577923712
0.2665062055054941,0.018640600788007805,-0.41023932836840044,-0.3435046361533848,-0.1228283532753382,0.3408288950023066,0.20467503244644275,0.20303321232214758,-0.280022271499499,-0.4859350386727719,-0.34867943116404854,-0.410955530916223,-0.23419521330674475,-0.4859350386727719
0.17954514257088955,0.07505126793549106,-0.5021669418253084,0.25364648669086926,0.050138084879246765,0.49428126288849916,-0.025661157871302787,-0.29916557152601225,0.22967941497630195,-0.44345170748848983,-0.07251406685062001,-0.5014858861462163,0.26790834674599356,-0.44345170748848983
0.2788148456524369,0.012338542288179537,-0.4654548294393287,-0.29229444482509137,-0.033090698712533624,0.4271315416847733,0.11648705217006516,0.1462886974636048,-0.20038321627618902,-0.5295204198171237,-0.306936277662921,-0.46613083749173284,-0.16654878696830372,-0.5295204198171237
0.25046715513461043,0.025863197168542348,-0.006219143145241653,-0.5987209951677962,-0.42777792600858144,-0.09227531485588616,0.46635317214866295,0.22560270964669255,-0.3744826102820614,-0.021770447595952477,-0.14215476610276484,-0.0067375975881591305,-0.6353183094788352,-0.021770447595952477
0.0018019437445282707,0.019228466745606028,-0.0664082862935604,0.42497615928525184,0.0770705568551978,0.08545904896059013,-0.030888496797919378,-0.3744637151374389,0.2618290843477379,-0.009475692209286854,0.0594270482690876,-0.06588865760508912,0.36908132345750455,-0.009475692209286854
0.01612496547706259,0.022071235251867452,-0.03293027389583532,0.21770786065790815,0.4574734085859428,0.17486333898416517,-0.2842023311723831,-0.4348681192771112,0.4438165925165584,0.07478481886513694,0.3851023913040048,-0.03185040805687546,0.22039461976761493,0.07478481886513694
-0.22556649364446485,-0.04136295230047244,-0.0020194296681882496,0.5581568426727682,0.5433096586493408,0.15938621721387192,-0.5520786883007536,-0.2937094210488074,0.43844833388781335,0.04322479654989918,0.2918157229352825,-0.0013349992877024453,0.601287056499964,0.04322479654989918
-0.029585352804985265,-0.016678841342598668,0.03550842129804847,-0.1671975259348078,-0.36556581891005446,-0.15228969977002624,0.23830842918286316,0.3281245944785055,-0.39455565639874407,-0.06409713403530481,-0.33742377413044927,0.03465584746860582,-0.16396317737099148,-0.06409713403530481
-0.0959737431593087,-0.014280939515607907,0.132169034276997,-0.3990730119951154,-0.3396068331428994,-0.20984646327713788,0.08947428582284528,0.8871757763609351,-0.4121565915836445,0.0666236411700188,-0.17556345209799137,0.13158940573689348,-0.37880298207782703,0.0666236411700188
0.001993231299936943,0.07821403234809572,-0.23555739168279674,0.30285755449872476,0.3703350237461595,0.32161386306094264,-0.32001031345876757,-0.4144171761634689,0.5408295426132668,-0.14662832311697846,0.20224441499066173,-0.23469615145552367,0.3247222609348019,-0.14662832311697846
0.27883764344328943,0.028040911673073383,-0.09755582165311215,-0.594919291932631,-0.3738674332215094,0.023443093979786143,0.4066118446932432,0.18331687782714798,-0.31800572111334274,-0.09517647245126602,-0.08192658831065248,-0.09803020772209979,-0.6170533880385589,-0.09517647245126602
0.14363584382666422,-0.008018639314125647,-0.2061770581924808,-0.1399814456712386,0.19623457925886698,0.3055253283103524,-0.18303694277103252,-0.1514802883682354,0.16043839602534077,-0.13445032872097867,0.2684344283922869,-0.20604010854575872,-0.10120113988424587,-0.13445032872097867
0.2506974281871265,0.025769073953844392,-0.006444440836871051,-0.5985056149358047,-0.42784871246757344,-0.09213318651705216,0.46629772465656166,0.22553682715999035,-0.3741472532768551,-0.021986823895702574,-0.14243923460684682,-0.0069631764940133855,-0.6351011931453826,-0.021986823895702574
-0.05449233305462476,0.014190783800154285,0.01437692394122079,0.46829524422547814,0.140263819692097,0.027182163791665933,-0.08740887722876668,-0.3845542381178077,0.3092600297567834,0.07820159264929086,0.12890025898148008,0.015050120362635706,0.4092022867612387,0.07820159264929086
0.27883764344328943,0.028040911673073383,-0.09755582165311215,-0.594919291932631,-0.3738674332215094,0.023443093979786143,0.4066118446932432,0.18331687782714798,-0.31800572111334274,-0.09517647245126602,-0.08192658831065248,-0.09803020772209979,-0.6170533880385589,-0.09517647245126602
0.04821115158241369,0.002904835371823572,0.32338160497155194,-0.29328329321453467,-0.10382584699819127,-0.3678793762718771,0.2863238032154117,0.0649247049098094,-0.3011688470609246,0.26898116591942606,-0.07206894650766331,0.3232414018723326,-0.3220824096250821,0.26898116591942606
0.005449592188168236,0.0084549813052793,-0.1835213635544672,0.4357289624244884,0.17043458798373548,0.20791474837651447,-0.10973138967533606,-0.3004163755143005,0.24463425240004708,-0.15139834993527254,-0.013265374013100323,-0.18325840372908145,0.4367101398992578,-0.15139834993527254
0.02059589751930167,-0.024119228203218893,-0.17050475412031751,0.22457445832328152,0.43875481700379565,0.28906992454905106,-0.2771869600811269,-0.3848419757091483,0.42096455128015303,-0.08750627597762574,0.27083245681805085,-0.16974018246413586,0.2664193835909658,-0.08750627597762574
-0.028383468090951807,-0.027858963874974878,-0.3308273535901835,0.21259367426144035,0.24630912861171542,0.44493136002005956,-0.41692505142382946,-0.13225134276929118,0.356341009189326,-0.24404748975923582,0.26109576454551253,-0.3306125302140221,0.26645215325342303,-0.24404748975923582
-0.046791103227343825,0.007524174362889035,0.15137611846657942,-0.21906100236222956,-0.33956709461706724,-0.23921632910317994,0.1878548733468006,0.2841393621419838,-0.3363462121404502,0.0886832370360188,-0.18041264827129813,0.15066545809717058,-0.24892580986223975,0.0886832370360188
-0.056350402251619594,-0.0033163776611290804,0.12192615107428469,-0.42005699747856234,-0.34429668648344014,-0.20874368667905402,0.09288123865340514,0.7678154072055514,-0.3977070208899495,0.06564218305664878,-0.16949135691272021,0.12144404803307994,-0.41228943251558603,0.06564218305664878
0.0016980657157508255,0.02246415147690538,-0.26172617063624637,0.3024577858455757,0.338840849161792,0.35114767004049474,-0.29859272302264633,-0.34860328567483256,0.4595827848700098,-0.18544375049713105,0.18125812160106355,-0.2611757020164277,0.328376809963903,-0.18544375049713105
0.0570360731188107,-0.005893970918330729,0.29484464610352606,-0.30656623784315135,-0.03992713584283787,-0.3086048446793307,0.2121276037364752,0.022334615589624254,-0.2537609668502676,0.2618674269290351,0.027721686652868827,0.29471587191898674,-0.3239754356026873,0.2618674269290351
0.017478262928854016,-0.041508632125617825,-0.13902961947024217,0.03794437507416401,0.3388505341894282,0.2822681742330126,-0.33760261090687027,-0.2098874869526685,0.2649975862651634,-0.05458679440491623,0.3789568075256144,-0.13871560980942285,0.0824363982817413,-0.05458679440491623
0.048596563802404416,0.0036367228125430183,0.32360093719935706,-0.29337073210091047,-0.10398648818535669,-0.3681560736551314,0.28635942984666596,0.0655545327583638,-0.3009099164307305,0.26922580043328515,-0.07193444936180152,0.3234604395634043,-0.3220598233039377,0.26922580043328515
-0.0006674062040028558,0.001852878432034124,-0.19520286496319098,0.4342433917872123,0.19909185686112657,0.22615442587222787,-0.13405766104993877,-0.2951668548462281,0.2716639825397856,-0.15757653890858211,0.0037805353033502354,-0.19496304437444115,0.4435746632624786,-0.15757653890858211
0.0570360731188107,-0.005893970918330729,0.29484464610352606,-0.30656623784315135,-0.03992713584283787,-0.3086048446793307,0.2121276037364752,0.022334615589624254,-0.2537609668502676,0.2618674269290351,0.027721686652868827,0.29471587191898674,-0.3239754356026873,0.2618674269290351
0.7981365121885651,0.09875471576862228,-0.3646108915334688,-0.10155619190841285,-0.00871094343193992,0.3103064408305357,0.07467432605970346,-0.03196067099895842,0.03888525686520481,-0.3728441344265149,-0.23449528396990676,-0.36461786843849336,-0.04836485710465067,-0.3728441344265149
